"","v1","v2","v3","v4"
"1",-1.54901671742706,-1.13891591097542,-1.00253598643934,-0.337069423803076
"2",-0.399602436991118,-1.36210606730108,1.33405981537564,-1.57358319502453
"3",1.2010473307873,-0.567946392921089,0.0868472711879837,0.0704022766765392
"4",0.844624165795137,0.616173560020905,-1.31225247508545,0.740697022599742
"5",-0.203364864869974,0.696619250506718,2.00388699413112,0.184366457964624
"6",-0.00123580443360345,0.300319953837993,0.887971947825584,1.12807176286686
"7",-0.150476402404114,0.37430593392619,0.642921818776512,-1.335145230393
"8",-0.903898963516808,0.287822545482689,-1.11915422069466,1.49100371159271
"9",0.042601878676115,-0.724175677243865,0.403746374960348,-1.77747850839637
"10",-0.0751861295594069,-0.68644079172848,1.32162856854272,-0.707227041398629
"11",1.05747267837909,0.103291905629959,1.21346157528751,0.793661435788951
"12",0.375441795906055,1.56920709825505,0.306670371604219,0.565783499752318
"13",-2.30788642669322,0.401183413049263,0.0183868988259041,1.14170301018104
"14",-0.232064987678181,-0.506901714532065,-1.47618160873019,-0.755558957443811
"15",0.188183845340745,0.989542666705905,-0.974096686815592,-0.114290180095025
"16",-0.892795116152771,-0.782194395938623,-1.42082606036626,-0.665530830264862
"17",-1.27079903347993,-0.049574293783126,-0.386076997843486,1.90141006088704
"18",0.339375596694635,-0.401331484412833,1.50099530195956,-1.36408441164779
"19",0.319234743006357,-0.356275527078103,-1.16725223202234,-1.29647361955976
"20",0.461216030475438,-0.548112646501306,-1.03976221308848,0.0103808926855597
"21",-0.00988485075763912,1.1607593786972,0.85782802572652,-1.00944720520948
"22",0.494804886327351,0.304980997736294,0.275766702722496,-0.267220198989373
"23",-1.20822950055578,0.641588971832219,0.919434099278964,0.491331069064372
"24",0.266422186787594,1.27424562467879,-0.517318818119202,0.0223519960672687
"25",-0.658106661872584,0.627763745498083,-0.655887737082644,-1.7004112910663
"26",-0.557415465248425,0.337492476379882,1.74488543103131,0.182521277031071
"27",1.49110061067598,0.942852568779528,-0.128215563503804,2.43572299617531
"28",-1.44513711530895,0.381620699609888,1.29569703474829,-2.37596152073612
"29",-2.13056025789888,-1.29091674067157,-1.57380133577763,-1.09210776021361
"30",0.783932373936407,-0.114513994422488,0.703052981583122,1.32402639145464
"31",-1.22232280507588,-0.0424951502203962,-1.11546930871893,0.459192333874418
"32",-1.40194192299855,-1.00244689583858,-1.02933661661333,0.124807993178879
"33",0.112971758232264,-0.0912094216869416,-2.35782386774432,0.53251738266759
"34",1.58369177470983,0.0510513986553174,1.01372842691122,-0.266271668544778
"35",0.178809023477752,0.0329729290763887,-0.486228519784755,-0.492537267612684
"36",0.837217318371335,-0.282133097898893,-0.606027560128445,-0.760264927611645
"37",0.477559582670135,0.699839882779087,1.12671862989363,-0.570310093956859
"38",-0.260764686724609,-0.27747761673207,0.320215641089098,0.154339224446111
"39",-0.405342323764871,1.02030956634443,-0.0528664827302795,0.0190496620182148
"40",-0.293231979288851,-0.891905151198128,0.688935917492119,-0.194231544368337
"41",0.200324865956369,-1.17470523172915,1.18436597818525,2.03495913478082
"42",-0.142451115779314,0.571303023914337,-0.862041949177739,0.416233654533968
"43",1.55062444617636,0.834374672385275,0.693270647248047,-0.367585122227146
"44",0.790899978264129,-0.570522227573325,-0.914992387097641,0.00850510379391329
"45",-1.67140849800903,0.699199828972029,-0.57697931948472,0.525211748303024
"46",-0.378276436284178,0.0808871423442539,0.199055822756412,-0.60860214674099
"47",0.448880102048003,-0.205976690679024,-0.0982748280701507,-2.2418138152367
"48",-1.57735589232595,-1.26151270495423,0.977724821729311,-0.58463096278788
"49",0.704513292335219,-1.58788532646455,1.09908314444936,1.24638368407464
"50",-0.361673374542074,-0.172265946419086,-1.10141403818429,0.0840777285586387
"51",-1.70896429674836,1.2231241691497,0.201809600123298,0.0107678322773471
"52",-1.42672925138677,-2.14527461061781,0.857429840598656,-0.506729176342748
"53",0.193026361228657,-1.18189057438728,-0.940876657317263,-0.00461279260129716
"54",0.429519393746532,-0.148732621587874,-1.31109103469005,0.598444868342032
"55",-1.40674700195543,-0.86020380698208,0.0554361124844002,-0.796220968853466
"56",-1.36996999412303,0.923632926045883,0.83707076268423,-0.179362936779742
"57",-0.99437839164722,-0.272699316648237,-1.75737835948754,-0.281441780517508
"58",0.629878106129338,1.37964888607517,0.482328014043783,-1.37667856477995
"59",0.110040910724137,2.64019235206883,0.8931036895661,-0.902771917398659
"60",0.317736350877108,0.552954541182208,-0.0500173445927081,-0.171164131459687
"61",0.329227496592416,-0.881976774139481,-1.90513379485989,0.929489017563109
"62",-1.94761264787584,0.118800045071928,0.212895324406246,-0.421024045552105
"63",0.236303260111595,0.302101782194863,0.269014752340616,-0.912898478663114
"64",-0.11007361956019,0.30067299820262,-0.374056367892017,0.217501127260932
"65",-0.0921001507530835,0.529281779025396,-1.01918210419294,-1.71833088485014
"66",0.134868874857203,-0.47733551295901,-0.277696320179949,-0.911434519731991
"67",-1.59913229013563,1.35726105846511,-0.12566473682666,-1.59177456671784
"68",1.73778446575232,0.855162991040718,-0.41577702377377,0.518002859468362
"69",-0.301352262094312,-0.407691514949204,-0.186394352243111,1.34548314778594
"70",2.22995981318036,0.199613694044844,0.0977024539543269,-0.882709067111901
"71",-0.230583142057811,0.163960306293334,-0.995484534794686,-0.298981537876548
"72",1.74691347625064,-0.793125464459306,-1.09269030051385,0.758827091336819
"73",0.681425226429961,0.505403373618281,0.605523226126094,-1.25033128510207
"74",-0.78648690836234,-0.509856796079238,-1.43900444032786,-0.0309566799186891
"75",1.9068530582117,-1.93332459750245,0.613578894583046,0.829477863212796
"76",-2.45148719011446,-0.0186565276509561,1.26564525180865,0.528374190034612
"77",-0.557808228321772,-1.13395339090084,0.904657586314069,-0.982864644578207
"78",0.895024894078226,-0.61169188495832,1.23697642941504,0.472048877665922
"79",1.27513683867957,1.03520578467688,0.347658686031589,1.07644723221757
"80",-0.42510892338185,0.161713869836462,-0.661935944893664,0.222709639377802
"81",-0.641713599824843,0.797045802913276,0.785859427449055,-0.15321414713885
"82",-0.453222490011602,-1.38833105171233,-0.463142559509842,-0.0774981347395124
"83",1.99876498014294,-0.484991720669822,-2.58536862008541,-0.522461548449951
"84",-1.69354161383933,-1.20598145631576,-1.07114881310437,-0.0628429130238298
"85",-0.977248587595349,0.435498594512489,0.403584054587868,-0.541702766203386
"86",1.25842811356185,1.99618669515203,-1.19918908318137,0.256985507469768
"87",-0.57100677674559,-0.00809990678124311,-0.934423320408741,-1.04549499374318
"88",0.0446758804638109,-0.304010143242367,-0.511457330367828,0.0695745730672304
"89",0.565199338683109,0.690198773584962,0.0690945893251561,-1.6643690868166
"90",-0.053355198549708,1.03095887107495,-0.246317073533114,-0.980540384548546
"91",-1.52686273709031,-0.827843622382143,-1.55093806752821,0.348580338354707
"92",-0.705893585363622,-0.497851937144508,0.590686770708809,-0.886949840346423
"93",-0.474251560973024,-1.43155697698793,-0.606065204441016,1.14186699656548
"94",-0.943294952647696,1.67409927391184,-2.48550321885557,1.48316140558592
"95",0.186094284759417,-0.411913095985333,-0.279285834381432,-2.17627148000815
"96",0.316813229733347,0.807026601991339,-0.893642648632423,-0.176455171364474
"97",0.625379376142268,-1.95351756243654,-0.592949006499822,-0.394110472219782
"98",1.07563937407786,-0.758964887381657,-0.375404017242712,-0.479885568471836
"99",0.627015977512068,-0.250422713479237,-1.73572988039966,0.464798928271454
"100",0.914433530388462,0.171315700577247,-1.51743331598004,-0.393974983623557
"101",-0.607198926298323,-1.10502622700777,-1.45571972437503,1.62384893953758
"102",-2.30952247385419,0.113482699374848,1.81555208508426,0.161598939809934
"103",0.223819712477254,-0.663589973174349,-1.68234654125439,1.55909699043293
"104",0.700648637763543,0.598843436785004,0.585569386529758,0.274904726891885
"105",-0.439139825467692,1.12671585803489,-1.47601630234895,0.443384285688032
"106",-2.21189060363127,0.100186293030586,0.00397426897547856,-0.469511540820949
"107",-0.0712347211447143,-1.74703676155186,-0.481430696854092,1.36614178359473
"108",0.439852379104899,-0.220146809589336,-0.756948435561332,-0.119012472551325
"109",0.303543755890736,-0.966731219828688,0.0880087468769493,-2.06935716759735
"110",1.01755099424326,1.51102004920697,0.285817664895589,1.97577771256756
"111",-2.26385473920562,0.781383205837223,0.248918635517141,-0.975512052970374
"112",0.569078111231887,0.6873323053282,0.0633290835034712,0.333414017948082
"113",-0.0333264734872754,-1.13236978583565,1.28309451351555,-0.95767893847822
"114",-0.136175604375132,1.12585096270466,-0.861293730598033,0.886103950704509
"115",-0.338210093455772,-1.15819854469764,-0.254158295023432,-0.358130032544759
"116",1.26851595986554,1.40779547342804,0.661576927791295,0.755591878461345
"117",-0.706246440050837,-0.610675922130338,-0.989088810280007,0.172539576109222
"118",-1.23589972339946,1.25608137802483,-0.263823634515225,0.237101915654407
"119",-1.54139899946941,-0.985864113010294,0.545905899461695,-0.728944737979681
"120",0.873401764618421,0.795197590196588,-1.2427587243115,1.71662955700938
"121",-1.03621313039365,-1.3751547672785,1.34348202566769,-1.87623950014236
"122",0.627962554013451,-0.476723321459472,-1.86614782531781,1.45458807774525
"123",-0.957566415627188,2.05625153302512,-2.05952313196388,-3.21993072583266
"124",-0.409949821609668,0.843588768445929,1.12746251001751,-2.65918277226512
"125",1.29122962710117,-0.452881294270966,1.87899085351538,-0.277689974817899
"126",1.43556886108154,1.42090171853993,-2.64143049535755,0.784018518293007
"127",-0.557085476152824,0.317983325788639,-1.09738650007597,-0.0387394871956145
"128",-0.869776286242297,0.27751440950948,-0.849538381479086,-0.138486997008322
"129",-0.891311185247822,1.21844074124654,-0.880440958850735,0.0461371316914942
"130",-1.22453146300935,0.880856156337557,0.46734493452863,-1.00462697281749
"131",-0.456544563956556,0.241299419248221,-1.08578267470893,1.83333267028586
"132",-1.30376260604444,-1.64769571162148,-0.650155778438675,1.54903994432225
"133",-1.82217721696444,-0.779491447662534,2.01488129479239,0.484540391930367
"134",1.19661315661234,-0.502171664414319,0.82118288422371,3.03274329639246
"135",-1.42057119910819,-1.16703249105124,0.877839575257971,0.0436821260443164
"136",-1.51051309120608,-1.62237078229162,-0.989200830201884,0.0779022029034478
"137",0.342532955794432,-1.1017607666965,2.04778700644914,1.39854594179197
"138",-0.267106616661951,0.773884993427734,-0.187889557393071,1.20961559547298
"139",1.56448462372348,1.59507173244916,-0.201886968311406,0.190387642868452
"140",0.176868821694902,0.703943789904859,-0.450599330352479,-2.26935777854337
"141",-0.0700790133989526,0.939447919839617,0.513365211848134,-0.573882218630168
"142",-0.8141518338441,1.9085170741158,-0.969287487151621,0.500839334373116
"143",0.568406865838601,-0.347035236296104,-1.23616961211521,0.0948168925496776
"144",-0.237970275279464,-0.817922044164723,-0.314628721324467,-0.278445567054692
"145",-0.0560603195784481,0.166732225500632,-2.07617860978574,0.324131548553874
"146",0.585272559756456,-0.81597858257779,0.190303921987529,0.49330013912296
"147",-0.0492009202828814,-0.564044053049899,1.47289944107935,0.42681604452624
"148",-0.392653659936982,0.755388775017232,0.862953564453989,0.965429877974692
"149",0.592307948019299,1.33405705523816,0.789553570184398,-6.99768538675588e-05
"150",1.66933622075516,0.559023793079511,-0.125236098046265,1.46460278158465
"151",-1.63331778851287,-0.326184195314199,-0.0782875511444877,-0.897763652833188
"152",-0.182794106064703,-0.375306519387607,0.461150664165891,-2.00654255380668
"153",1.26436858116667,-1.24846053688503,0.186711314753756,-1.3032239281211
"154",-1.3618871383318,2.46872555942081,-0.514610540299371,1.31494134547898
"155",0.842393420857895,-0.431603856913619,-0.474237674810649,0.830463232890876
"156",-1.34374067917159,0.407844795675533,-0.74880706055933,0.955489860156287
"157",-1.14540572369379,0.288501622726363,0.0802189949530775,1.7583840374395
"158",1.54105717942572,-1.02632320821297,-0.337837556434026,-0.579228080561471
"159",-1.70323131980533,-1.31238232403359,0.448009271527638,-0.213068371523523
"160",0.235100844332687,0.742606837117851,-0.309421514425975,-1.03952144518113
"161",0.68310975321768,0.484785891119281,-0.473034130617209,-0.131666231636649
"162",-1.27278253889306,0.580203517454352,-0.0915692854649824,-0.530622354607858
"163",1.0350193777018,-0.0347043927039197,1.01978218136345,-0.772823696065331
"164",0.574649119092991,-0.150219309540479,-0.829663105124589,-1.15661080318882
"165",-1.23595787248076,0.603918958203064,1.13041155886606,-1.70505218582713
"166",-0.376025878587879,0.528221761647641,1.75256479357774,0.444900614553017
"167",-0.860381800294077,-1.50917314273075,0.757004216177089,2.2730616373288
"168",-0.0552459752868766,-0.195262030860986,0.707936289423689,-1.51758464274852
"169",1.70586027845292,0.161897445943204,-0.787909642879904,1.26754181667689
"170",-0.253728489142742,-0.948293673492319,-0.30095840859003,0.618967632408089
"171",-0.811270973967764,-0.810922712988068,-0.392356148432367,-0.0650370581204371
"172",0.62925989324073,1.17436377536394,2.12004759544006,0.437461345624144
"173",-0.22537795232435,0.57170520565705,-0.315325192441317,-0.798411998591622
"174",-1.1006341002147,-0.701920296630718,-0.644916335868974,-0.59290552111391
"175",1.08719983964273,1.0136484137116,-0.951298609217952,-0.30890121542298
"176",-0.965118614834641,1.95060859874047,-0.559571455687205,0.921259331897106
"177",1.21445154280175,0.63606164069472,1.67628685599717,0.445086552299801
"178",0.314607121577031,0.517192875197142,0.742638849270053,-0.465977091652065
"179",0.831015497735214,1.84128885825136,-1.85606687696784,-0.104429232536008
"180",0.238120272304325,-0.800350276661619,1.26620651977832,-0.141034727060519
"181",-0.29933932616265,-1.6198602736284,1.08243433471876,0.796613137163896
"182",0.521668297304333,-0.373931462352426,0.19438817408586,-0.20681437387047
"183",0.462512519046041,0.76169003312951,-0.786498607531648,1.28605911766616
"184",0.680781994684769,-1.75045228916068,2.44709464731626,-0.648438915041628
"185",-1.03115954986591,0.725915962381194,-0.270726761577474,0.749253745195279
"186",0.124131425251081,-0.0433319001673831,-0.051026657621721,1.4791221429225
"187",0.295471519276317,-0.918105446180522,1.18291508201986,0.840281718738451
"188",-0.312822312084177,-0.511758326906747,-0.141853469399269,-0.500458354208091
"189",0.102677189494747,-0.138873981633353,-0.618568069683968,-0.192893123791565
"190",-1.56999887016392,-0.979366602535264,-0.538349205297678,1.45297619746394
"191",0.763883122796871,-0.412942886232862,0.861114898336602,0.343352729875307
"192",-1.26464509454927,-0.444178396899271,-1.28795990542959,-1.1118280967096
"193",0.527897066914345,-0.0565835058244366,-1.13002397956434,0.140763101206829
"194",-0.422160107946602,-0.696907623676456,0.412681584145566,1.0981587905747
"195",1.8913051326291,0.881615812584073,0.725869372433918,0.699495501195386
"196",-2.83016489211749,-2.53639634379685,0.541314334466884,0.0930416508055096
"197",1.69267087310824,-1.30943798350283,-1.08751190640948,-0.124477252155417
"198",0.181260493421419,-0.288239124637294,-0.612226149534823,-0.0440550784143597
"199",-0.459564832559867,0.993719557234755,0.721458651315147,0.639344167449444
"200",0.100171868734002,-1.46883330323025,-0.333857061094884,-0.869439059809419
"201",-0.480259841133831,-0.612086746950518,0.0925681963440429,0.847959169103017
"202",-1.60838841469428,0.391535406467383,3.67280875475894,0.933493507795826
"203",0.259484715492505,1.75987301454067,-0.156166128691487,-0.337068738058677
"204",-0.543325754284119,0.735130379744616,-2.08375230993665,-0.819876462617792
"205",-0.119242750917083,0.254407718880821,0.262953732498005,-0.020836397437095
"206",1.57171466226275,0.116680299023614,0.381822814039367,2.00934276982036
"207",-0.542321593590931,-0.485089474955992,1.35676756806934,-0.0534559133463792
"208",0.354176616526984,0.0849823200379482,-1.17411011335046,1.30756738642827
"209",0.448486820193825,0.424411494389025,-1.17172928175126,0.233495543400037
"210",-0.253956013178753,0.69834468320119,-0.0186409450111843,-0.520699832832523
"211",0.72160675773517,0.289701612481148,1.0117673534395,-0.298814711911521
"212",-0.945990576025137,-1.47276738845695,2.64624124941286,1.41800212081577
"213",-1.28331211786771,-1.41415934943688,1.33177380953309,0.920134274328215
"214",0.222715834225375,0.929665442319248,-0.106132296007439,1.27244691428871
"215",1.75824893368994,-2.32799903384938,1.36614547078678,-0.773539489962033
"216",-2.20861040559721,0.384503857726058,-0.829704108557351,-0.435922392171086
"217",-1.65340952125712,-0.899791429471095,1.24878643213971,-0.461210832482835
"218",-0.901020606766709,0.0769274300452494,-0.411758376319718,-0.129299478442365
"219",-0.452825834031477,1.78571768294588,-1.39289020694295,-0.446586609308228
"220",0.550518947057393,2.19019903265683,-0.356323545466963,0.680322123358274
"221",0.45384615024175,0.215927113623532,-0.6640319671531,0.367089394740482
"222",-0.107546968964797,0.0774176609894654,-1.07436164464481,-1.32865664276174
"223",-0.599891339208295,0.951689929587041,-0.842971947253855,1.49963976373091
"224",0.393146148157486,-0.169306869403335,-1.61092534309809,0.614494761144185
"225",0.355362429568631,0.342986842576957,-0.782454981817591,1.443984832541
"226",-0.211167545447146,-0.471304167259549,-1.00021263441747,-0.0399989241403561
"227",-0.0568154901456592,0.0836534408666216,-0.0253022535282688,-0.144074200855876
"228",-1.67902900114501,0.539560370873958,1.82865662550334,-1.84383023666112
"229",-1.33129402705032,-0.0368156173663868,0.019683948758356,-0.0840243480316022
"230",1.24738685381585,0.695266201506659,1.54522334007821,0.535706410105008
"231",-1.23345880095707,-0.801165035582921,-0.706818141720249,0.885531669844631
"232",0.568965520908748,1.36922823457884,0.866735009153916,-0.473356046828478
"233",1.20458775191457,0.148179536009004,0.0386527966584442,-0.170821491647264
"234",1.51098807312116,1.90783550257884,-1.11916039770272,0.0201586967565728
"235",-0.732078682459819,1.95500104747411,2.12505222459354,0.43619666750006
"236",-0.502603066295405,0.624499537005555,-1.52622117026035,-0.457368592879831
"237",-0.232467058920798,-0.944747662145488,-0.117257333998399,2.78358658074179
"238",-0.460115539113113,1.23921730068018,0.118956905905449,-0.470638630387674
"239",-1.46183247465293,-0.301886239273909,-1.33337449414678,-0.569506800240573
"240",-0.143991234760198,-1.22875673985103,-0.924232187009959,2.23642552031046
"241",-1.57644977507133,0.725781619072076,0.32080251351263,0.784851888366347
"242",1.00902418593014,-0.036744230215319,0.206735838944281,-0.546442609220935
"243",0.648679765353632,-0.679024323706841,-0.1952586168554,-0.665401937161451
"244",-0.135989853574961,-0.322559495870926,0.182331338437642,-0.591772021162764
"245",1.00710236766704,-0.531699040440522,-0.01963403431998,0.731828458631072
"246",1.09793261551729,-0.524719664337077,-0.733582799005913,-0.383861617242451
"247",-0.550235309560296,-0.551965170160842,0.955764489442918,-0.610735310080236
"248",-0.38830015674249,-0.467451051766606,-0.831834856436438,-0.107059998120029
"249",1.36286603258915,-0.47057857480234,-0.234902104351241,-0.0702086976312742
"250",0.549399608735814,-0.85909129104455,1.04970393666535,0.928994723166989
"251",0.967294533624112,-0.63366046470577,-1.00067729761337,-0.436652361090688
"252",-1.02005358233725,-1.92408873729918,-0.780552452928213,-0.465589015064231
"253",0.846228245331309,1.24324016487112,0.194218685165715,-0.20124369493602
"254",-0.011800012006806,0.70432573401353,-0.283287657149981,-0.577929202118357
"255",0.709806490395761,-0.604185780079386,0.285818425832242,-0.881808515108144
"256",-0.180619099060026,-0.0639436984160773,-0.13366474237183,0.179000162504341
"257",-0.870248777203322,-1.50860203806404,-1.42433898797737,0.303087447576582
"258",0.66553457610198,0.546324492711019,-0.1125528888941,2.17034026099422
"259",0.305764636753097,-0.531818186051194,-0.604962288468399,1.06725787986406
"260",-0.526030922690225,-0.373774572286719,-0.110418942406958,0.245736915710576
"261",-0.165225606408338,0.492035690613747,-1.7996973554543,-0.451276493876288
"262",0.684247791791753,0.847984423628919,1.38034814063288,1.11407405834317
"263",-0.362762987244942,0.599198750076531,-1.12615475820846,1.38332879890332
"264",-0.539240069077025,-0.523101756253613,0.253548125896996,-0.245198185839864
"265",1.40942054696179,0.748981451998126,0.302855102649962,0.892650937932076
"266",-0.171425133666172,1.00201723152702,0.583407076431505,0.871439394323999
"267",-2.89918199567839,0.893552608530001,-0.623936937045406,-0.277346908602879
"268",0.0341455567182252,-1.25509884166571,0.25749613240853,0.461416603057455
"269",2.24457916397256,0.416073838637417,0.327306490349709,-0.690632574364169
"270",1.29589176636974,1.12083707454158,1.29861984344297,-0.593486296003418
"271",0.306374631568226,-0.295876861039556,0.27672983687335,-1.75151954562642
"272",-0.474733067174703,0.626432252755378,-0.862848890546553,0.844550571727452
"273",-1.65450741906872,-1.80187298458379,-2.0105353269124,0.588562273510668
"274",-0.161021784935729,-0.224759809655428,0.61965783902524,-0.840303133680915
"275",-0.727497807093062,0.139652930264547,0.771098677779656,0.327397283889113
"276",-0.0426253613903159,-0.567726966605623,1.14952264592286,1.50143511216502
"277",-1.6013678893239,-1.17323207730311,-0.71822959606855,-0.784256487058978
"278",-0.798513876469875,0.855429217760779,0.283932972726878,-0.871759306977683
"279",-0.249197509506342,0.663034421471437,-0.0529952468381814,1.05049545794021
"280",-0.616788875592607,0.284469845892057,-0.680359840803217,-0.787222762741582
"281",0.231337739741712,1.1430448050398,1.16569396337982,-0.981609376669858
"282",-0.892605841657965,-0.0967053561869129,-0.50550032288724,0.493446500196376
"283",-1.16861542446691,-0.333550113769409,0.645402971210624,1.41180999058191
"284",0.236054235471787,-0.930536036836992,-0.745846827600301,-0.839866658079853
"285",0.751115137762182,1.17261475047382,-2.35746489063594,-1.66741259601136
"286",0.67926086078135,-0.136925435006269,-0.987435809882361,0.153929063323823
"287",0.416439021856541,-1.08182610506257,0.674301129596593,-1.77604161023573
"288",-1.57671226228962,-0.355707414106667,-0.778596607294694,0.524057887857936
"289",-1.35681507269985,0.710446116516261,-0.125999392183695,0.916896903035965
"290",-2.43026329942836,1.81248843067465,-0.576129414534049,0.567781491877654
"291",0.31110776935974,0.59891735363667,-0.159826529006553,1.44201432515371
"292",-1.47820889050297,-0.0683199939622251,0.0168298422454387,-0.722401585931723
"293",0.871849210418456,0.911169749006606,0.466591745883838,-0.919653507074746
"294",0.484727053496239,-1.11233581983313,0.132720997863864,-0.3357093907862
"295",0.360997823111634,0.338210126082962,-0.66143819503921,0.971729845091968
"296",-0.440150277091693,-0.946033685081198,-0.597187023990469,-0.431416995203969
"297",0.938810482897206,0.0182044861579541,-0.593220068750188,0.495434630900296
"298",0.285869965407844,-0.264865713564175,3.18160505177808,0.144084498521522
"299",0.442296518428667,-1.85105712549397,0.838695619036363,0.0628867090210949
"300",0.409698591994614,-0.591766374297813,-1.44114757539803,0.875932415936925
"301",0.479444089587944,-2.34783215833684,-1.0320489987382,-0.693700558215755
"302",-0.400242284012614,0.395881178562781,-0.266136758763364,-0.736865122582405
"303",0.753537906017515,0.303261114384573,1.24162588489201,-1.31489252936993
"304",-0.284576450693204,-0.358569646132968,-1.01758914317695,-0.491395185192789
"305",-0.459931515397362,0.329232987783808,0.715348852711051,1.13383283054362
"306",1.81220278007671,-1.13564818388077,0.310193550004332,-0.498692844251111
"307",-1.0104274437065,0.346424770242148,-0.100489528316315,0.563512873903277
"308",-1.30748280901721,0.539371370931059,0.706405099227771,1.25544639314169
"309",0.694687455556537,1.20933263653854,-3.11880741073003,-0.354497077686117
"310",0.753645373454374,-0.875084684548485,-1.31628149190038,0.274080795383536
"311",0.0466684410730372,-0.324073403330507,-0.423339721080731,-0.326519190760542
"312",-0.708456488108448,1.78233987052099,0.720993275832901,-2.11872208322895
"313",1.87698537609398,-1.25861747527932,1.39879933104727,1.04198650638198
"314",0.292985633225152,1.15005251373048,-0.90229570798531,-0.0415417452693365
"315",0.723327833305566,1.36561181656919,0.231470901399359,-2.20451143414249
"316",-0.766061320850858,0.845377138809809,-0.197262991415905,0.145530286029378
"317",1.43860269226798,0.168266570100715,-0.99221271764709,-1.15933732868449
"318",-0.377427872837854,1.88314748470212,0.113427705116722,-0.728431919869107
"319",0.707806454752176,0.0151500952762046,0.845484235055215,-0.669649025296287
"320",1.46143402090413,0.644620227067853,0.967333564151527,0.613861522479159
"321",-0.0947706914348309,-1.62764450292276,0.845870038603969,-0.270588810286974
"322",0.0172408243915023,0.27931530224859,-1.2486653621997,1.6147227562005
"323",-1.47733185994054,2.05670035287954,-0.419927436117054,-1.14156235586926
"324",1.08882519558994,0.329204606138098,-0.667800895593206,-1.69445082002719
"325",0.0694567310615138,0.575067182525561,-0.471576367619839,0.133088561116735
"326",-0.298208596735918,0.40097883296716,-0.0414447144658338,-0.296930525371409
"327",0.400582625488734,0.0702327947237352,-0.703149923130251,-0.46981899297125
"328",0.194107386677969,0.744738933186617,-0.36495008393268,1.60277042201951
"329",0.484102907880193,-1.19598777256765,-0.0978772410710894,0.916258490771681
"330",-0.559367165316677,0.679873040257683,0.714680138504727,-0.456302972530203
"331",-0.0881399976877255,1.27857910884654,-0.303000737200909,1.14600540091611
"332",-0.999837827477529,0.154448503664571,-0.790202726406875,0.161336998257414
"333",-0.166134504388623,-0.880211165610307,0.173109364899917,0.140494091187902
"334",1.05712012898649,0.195677785734736,-0.342356287831171,1.32541835807705
"335",0.611859987719413,0.89673757985845,-1.59258192616139,0.249350479272602
"336",-1.29927146654292,-0.859245365827961,-0.716487831083678,0.68029876081404
"337",-0.140919748161522,2.00662055777089,-0.947165388709495,-0.819484244996379
"338",-2.33289704339295,0.986538619517696,-1.67735408271651,1.13659288712173
"339",-1.1663503177921,-0.0699327813828255,-0.751175003950835,0.000949452898470822
"340",-0.0445649773411241,-0.451505440371719,-1.4907597048485,0.515470584979389
"341",0.536322033181999,-2.65376910412429,-0.307790232834312,0.415541292663815
"342",0.0694361947435685,0.695132506079436,0.375351799106139,-0.162920559492607
"343",-0.852018115320871,-0.0259869725547275,-1.40311147792578,-0.769567352169698
"344",-0.686385365015846,-1.38197648291088,-1.53441484333791,-0.0975152354034968
"345",1.77129369767571,-0.499418395834491,-0.724200288628606,1.28408970207742
"346",-1.55161317007074,-0.220264556237348,0.61753655514736,-1.29882502397678
"347",0.440159271860161,-0.349962637404422,0.861447432109695,-0.622584677164941
"348",0.0117273218784352,0.548550266960528,0.494074764792975,0.00677892032087622
"349",0.28877903539432,0.332572428822037,-0.474262588781924,-0.886576976602131
"350",-0.324458272840909,0.0183517010910878,0.522539574610682,1.25433032553005
"351",0.752092106861635,0.783320022254333,0.95983692830785,-0.582752680821457
"352",-0.713080563068265,0.164342250035261,-0.179107921301264,0.828223476493501
"353",0.295163286685487,-0.545871773909971,-0.291419730781741,-1.19070986283136
"354",-0.424828033025791,-0.64187503423799,0.76667363252843,1.01068749465848
"355",-0.997699061355215,0.303025599031103,0.223422562463681,-1.04921167591498
"356",-1.3752550021996,-2.12152357297141,-1.89299911089902,-0.514507100002643
"357",0.643086529180554,-0.286833134425725,-0.739861885366859,-1.72745872098078
"358",-0.592338029970354,-0.0860397821019297,0.556321028640015,-1.39052886784006
"359",0.951645416849908,0.429617215658875,-0.945666667658128,-0.309738440634433
"360",0.813819040098826,-0.165018547462502,-1.02477260418004,-0.881724666744197
"361",-2.08965182538535,-0.892058045621742,-1.53918685503525,0.351517230091066
"362",0.43486657959848,-0.57774713848847,-1.44003686628262,-0.453865396879883
"363",1.57782024190216,-1.40713468494582,-1.38602382363185,0.051734172391239
"364",-0.498329520755235,-1.49250588557443,0.511431561083392,1.31684703138954
"365",0.543780630725258,-0.631272068009917,-0.610250814234859,1.41024743434071
"366",-0.527308977712784,0.521946672758655,1.30725004614198,0.132361483598452
"367",0.504342677128618,0.117224693689872,-0.635451670379675,-1.29422776034237
"368",1.00023854831067,-0.682063157311493,0.984964720582175,0.0883070554025907
"369",0.322626826640124,1.53844603728677,-1.0782238189386,-0.188705247784137
"370",0.698416149887653,-0.011918224665266,-0.110604362528862,-0.417739458076298
"371",-0.56386839730893,-0.143646854498671,0.206151800118683,-1.90695896314501
"372",0.853764084498715,-2.24771089569695,-0.621464686085114,-0.334289518672731
"373",0.238410178986018,1.02056919146395,-0.584977581224048,-1.19067509496584
"374",0.715218958106831,1.31189775514387,-1.64583894466175,-1.13244221805608
"375",-0.562416070398701,0.587963932490066,0.651534784225356,-0.572026745695242
"376",-1.05000886274572,1.93025406005415,0.225842570171594,-0.154448880090826
"377",0.348645527373669,-0.200436391231602,-0.922208149033925,-1.36149673350979
"378",-0.0535799625608182,0.49246282931043,0.26883041454271,-1.00595257413331
"379",-1.44617609929002,-0.102811137329872,-0.554747544154938,-0.557415520099889
"380",3.32826596060519,1.80510010064835,0.179081283160462,-1.24276664743665
"381",0.232730252087087,0.0329740509505163,-1.15817212216172,0.338552468075815
"382",0.696869349358437,1.00838889341751,-0.0138504059933023,-0.859275921765704
"383",0.963819683149166,-0.90923093700974,-0.665841548136773,0.299678632641863
"384",-2.33386564402603,-1.00914863713121,2.17336002545135,-0.795829261230137
"385",-0.454663134627917,-0.0750783727697187,-0.54892384665532,0.0269501519988557
"386",-0.516184872804097,1.74691082302509,0.302579068151905,0.18052503477908
"387",-0.107057993487361,-0.501993898267584,-0.632536366709478,0.926060235304187
"388",-0.107894854857218,0.322263204084208,-0.866426114922174,-0.440609189112241
"389",-0.142634295714116,0.447942872334414,1.04120472219753,0.267698640927817
"390",-0.0578074193922122,-0.310633974259908,0.036224084783406,1.13869415942325
"391",0.00172716913018495,-2.38485195387894,2.13803401260809,0.138289328888786
"392",0.0245028362707556,-0.418111421812103,1.81968845734745,-1.70058622503971
"393",-1.12488019464902,-1.05225699983423,1.90328913750766,0.239597544741593
"394",0.191515473398769,-1.19880822977798,0.0118940804309076,2.84716811296965
"395",0.463342521641205,1.04435510426256,0.636101319584793,-0.622861127475216
"396",0.0423358587328657,-0.556432188814607,-0.71890230711991,-0.108214745262292
"397",0.483139867750923,0.721349547202835,0.12494167803931,-0.148906173767907
"398",0.114340197194795,0.758189079710037,-1.57233119365273,1.497967348684
"399",0.535145972846649,2.71963721684415,0.556828470836311,-0.622098089650308
"400",1.23707929978217,0.651206767062342,-0.376477413236529,0.104065337211361
"401",0.739479689351142,-1.16119328868802,0.557699871521534,-0.328148093100414
"402",0.412241263875236,1.14806542610485,-0.517599951400825,-0.778703512836467
"403",1.01168047491026,-1.47010878243943,-0.667395986113247,0.720697989035627
"404",-0.0720726454524404,0.649174014657038,-0.97121580040841,-0.581255754150911
"405",2.51179727908657,-0.553307028426712,1.04998534455887,0.681694428048186
"406",-0.74730885612566,-0.905147184915594,-0.650049389512114,0.912070205106185
"407",-0.792610591956851,1.44202575949954,-0.875636050492252,0.110983816593232
"408",1.8461634766284,-0.855356200917568,1.30137473041807,1.08157067149248
"409",-0.398124435718441,0.836190084700666,0.417621346592433,-1.28063591621041
"410",0.16579475057056,-0.249514189986943,0.0376585373316006,0.560956155558723
"411",-1.3371130197947,1.98106392917697,1.12054756079431,-1.62310375528836
"412",0.412889306863841,1.00765384479868,1.8324059269563,1.95051445730827
"413",-1.19985137804319,1.25599980091542,0.184947780992719,0.655607854342137
"414",-0.885905518876984,-0.454149777239731,-0.753784801097905,-0.479139736956798
"415",-1.45357333676105,1.02217014180789,-1.23001395493387,1.31078068202552
"416",-1.13980914707062,-1.07223750155068,-0.667057528337187,-0.206880194505771
"417",-0.754183330226775,0.359720592872818,-0.591254680450846,1.28537727679034
"418",-1.3626267226584,0.452427263196821,0.667942091294727,0.436946299605263
"419",0.10395948216855,0.325075544109209,-0.914840353309455,-1.02528989937913
"420",0.394922106565556,-0.162161517779176,-0.255816161997115,-0.519505075022923
"421",-0.387452394204773,-1.62157999816699,-0.210236730998314,-0.425172974068572
"422",1.27912234921242,-0.759236883403065,0.353900167123838,-0.624623804037446
"423",-0.121933713243755,-0.466496080745033,-0.0144435876471929,-0.236855728211004
"424",0.243217702637843,-0.0735182751154795,1.13511777012464,-0.203013332422087
"425",-0.229185536537648,-0.569519531119853,-0.80604695343976,1.52492977182985
"426",-1.27268199718579,-0.599601910225627,-1.45246888574276,-0.68516749416011
"427",1.05077785610626,1.81288766485552,0.0164837830401448,-0.609519907876715
"428",1.63271684764647,-1.24005829000263,0.369285829675382,0.609075332200546
"429",2.05555671658391,0.46646772141857,1.63991175418039,1.19789745093466
"430",-0.490903222617245,0.317003595629986,0.73101545776858,-0.243672652822241
"431",-2.14688157338011,-0.769832532770671,1.23164848746948,-1.06989256600762
"432",-0.287174011121925,-1.59046384756828,-0.244984750881483,0.168087346767331
"433",0.493065590960809,-1.57402527460805,0.320663129110954,-1.7438172216901
"434",1.68028292684261,-2.26074790874772,-0.660109961549371,0.07185240354055
"435",-0.00944327705327641,1.44919847159793,-0.700606584717218,-1.45233419612009
"436",-0.97138939986748,0.993127404604985,0.767084609133889,0.0305167954271691
"437",1.5680427359462,0.0643578363405857,1.70885762066434,1.62745243274606
"438",-1.30209834891913,-0.202455999956508,0.0790586876765327,0.833119776151916
"439",-0.940854171183951,1.51707221161387,1.00857802845324,1.73859689870276
"440",0.893900424835312,-1.15297919092759,-0.1429779878153,-0.470437382913787
"441",-0.661437794060144,-0.609371996636235,-0.930603308669424,-1.32646783396954
"442",1.09147196734642,0.445419123996559,-0.918548352234583,-0.781580961670493
"443",0.298710143842352,0.944762823022581,0.360846209354648,0.527013754135425
"444",0.00785467316792291,-1.56478888282074,0.299254964694669,0.617582766805394
"445",-1.8049763959023,-0.449206385823341,0.650585663963416,2.32819471076352
"446",0.186768214296925,-0.288606776093069,1.08835061669789,-1.56183603583332
"447",0.155694086977665,0.367936086672439,-0.457777141047147,-0.759541076914745
"448",1.05640252983983,1.1894325846034,0.621141770058482,0.379505691707314
"449",-0.77270350711182,0.244087694720767,0.104594389365117,0.859335379394986
"450",-1.11253800077089,1.18533952513587,-2.26412116347859,0.463685767390316
"451",-0.160843610236,-0.725292634122372,0.621694528538766,1.39066572640863
"452",-0.886750950318851,-1.89098248866371,-0.936548913593001,-0.0996547607160392
"453",-1.27641873318851,-1.98003554913319,0.551526511301405,0.283217878161152
"454",1.24343287264931,-1.21295288876601,-0.0953189540485956,0.45442952392127
"455",-0.0514468528338543,0.359310251792668,-0.611309895856074,0.429470489599928
"456",-0.470041508255955,0.860775770071441,2.57094991623456,1.14382463231655
"457",1.83366008698618,-0.08393434017473,-0.889051095525439,-0.187807230055312
"458",-0.46452025583506,1.0271768111419,0.574981388944795,-0.167841954799706
"459",-0.266379760040742,-0.948359491967141,1.24940736155971,1.07847210904598
"460",-0.886848668195013,-1.25004433140254,0.380602634920518,-0.808409239431864
"461",-0.0227580796594142,0.865369271393405,-0.211589706417867,0.460158202114517
"462",-0.790163247803474,0.484389042341872,1.10847256483301,-0.693874665675309
"463",-0.526827249677847,-0.325407269935889,0.318559533170413,-1.60750258354231
"464",0.509414669419655,0.138950008214298,1.40479542289767,-0.238331409631257
"465",0.0646694306581726,-0.672658662606802,0.955847477529435,0.00713594176904842
"466",-0.518971477029921,-0.976831976536234,-1.14431282505036,0.659116222649272
"467",0.53614913186453,-0.892320277871799,-1.03878052709785,0.33713377254417
"468",0.362317693128323,-0.524561345811852,1.0222331750133,-1.68671448121029
"469",-1.20211553404462,-1.89626613999704,-0.332830001832566,0.253171767604231
"470",0.354598751078373,0.177607077956265,0.532547505090163,0.475060791761691
"471",0.270870331023072,-0.614442037543439,0.261789897864791,-0.966608689975105
"472",1.9105866483841,-0.233154609572456,0.211957698665994,0.342396734769668
"473",-1.11621126926117,-0.71484782399445,-0.854577795646193,-0.54907724841822
"474",0.980244340470828,0.755772120679902,-0.956137549134645,0.128147527483277
"475",1.72619173601011,1.85680361026024,0.119087507867349,1.94473135894081
"476",0.629850834711635,-0.855486321423492,-1.10899262891086,-1.13046600704593
"477",2.55769025347792,0.543100371250437,0.503826090186511,-0.026052482349813
"478",-0.1168678262695,-0.294494045113171,1.59221335647173,-1.41594106818822
"479",-1.21381188465768,0.544879789271278,-1.54653551909406,0.469235884960782
"480",-1.67105518183098,-0.285343918969824,1.34162142279985,-0.0213518263839926
"481",-0.0651188338877372,-0.813912706014378,0.552974936347723,2.84826432645956
"482",-2.03847666156508,0.584276995104363,1.95536009701872,1.69327225847757
"483",-1.16656766527459,-1.05031118715516,2.37626995743907,0.96854267018282
"484",0.122207296652048,-1.63147204703046,1.59718418445592,0.179346839115231
"485",-0.168875000972406,-1.74406950322484,-0.211913707693497,0.130098456985718
"486",-0.591459293096377,-0.52667058865552,-1.28887875642128,-0.0960117843156047
"487",0.221628300520842,0.747842451084468,0.086386694566356,1.15188390269688
"488",-0.247389330678727,-0.544151601276014,1.50575899988586,-0.249153293965236
"489",1.90351925785003,-0.281199827834358,-1.83427368530191,-0.135262849870725
"490",1.10026784306816,0.253199420445508,0.558462541292092,0.933351226222456
"491",-1.03038896821028,-1.08223488478668,0.245688177600861,0.612406006460254
"492",-0.134949445354648,0.687015467917237,-0.912636295790861,-1.53427892980877
"493",1.01070622275018,-0.930931830174406,1.90955937127315,-0.877243481584096
"494",0.0817123752964924,1.37688785699681,0.175967736156626,0.428802807805716
"495",-0.272337228841572,0.961773718663074,-1.29848216200937,-1.31931368530005
"496",-1.21510697394887,1.42918185331822,1.71060988111607,0.64198598847533
"497",-0.382932807570342,-1.06374061008306,1.00711573408637,0.683004057284163
"498",-0.195683378010988,-1.07546247853789,0.0512946600967909,-0.685801779943729
"499",-2.60920090874924,0.131889073489086,-0.294643456713259,-0.0818125595114012
"500",-0.591805317826203,0.611619230187247,-1.51405275593235,0.368472133144939
"501",-0.198927903177122,0.0692498603790812,0.597577704126802,0.12387005087852
"502",0.435019510562429,-0.58434496863995,-0.344211615097138,-0.977877648628327
"503",-0.904906060140332,1.17828946238573,1.97600453561508,1.44303671260212
"504",0.71919684609037,-0.826377518595265,1.81751083126916,1.04868419992937
"505",1.31592086138694,-0.516042113052132,1.28188193539334,-0.437732768703689
"506",0.473937797085101,-1.73655548559425,-0.65162473113528,0.806802840623913
"507",-1.13731368891963,-1.38422039434885,0.4072132159879,0.890209790834085
"508",-1.63921062121287,0.44248983454633,-0.631744895562829,-1.66374557918346
"509",0.315178149800386,-0.958774803079679,0.0814831650410973,1.48684010016078
"510",0.674988536561817,0.520988340117441,-0.5660171332602,-0.00409536519197347
"511",-1.18938245281851,-0.14380009031571,-1.58153000901007,0.595682190756778
"512",-1.17023366182026,-0.333125022565197,-1.55770998734981,-2.70514091551813
"513",-1.0901635251218,1.24526600604386,1.27742992898399,1.20359667534224
"514",0.891172808955356,-1.62123607122402,-0.728754692670891,1.45571520510999
"515",-0.44349026799165,2.1858227219219,0.473477896003996,2.04162111002655
"516",-0.60418990680034,1.1106715903529,0.116046031458775,0.39266610391637
"517",-0.564923086342026,1.19246282473826,0.558277200385471,-1.65711412515024
"518",-0.724585772206602,-1.05876256744478,0.245072186029575,0.58311143190537
"519",2.48029074966954,-0.018910210697352,-0.125519087578798,-0.440763024911736
"520",0.939118139706729,0.0531815974908367,-0.197535015089533,1.24959050277903
"521",0.40254954872349,1.05884781685105,1.36078876636644,1.41004992612039
"522",-0.637576962963218,1.61408763792679,0.556013747534074,-0.185555684157036
"523",0.831359035971675,1.09742828826854,-3.15565799266152,-1.16581351782742
"524",-0.2700774811015,-0.350453352965036,0.231386746284278,0.955646066455841
"525",-2.06215670468456,-1.39757068249808,0.633471313857255,-0.726679635723145
"526",0.745684798659077,0.905122620735637,0.494033058989234,-0.791662952877128
"527",0.458163514629381,-1.81642094074566,-1.45212230253241,-0.210514395997641
"528",-0.57426859271616,-0.832018420596721,0.229689498097584,-0.671022284010407
"529",-2.79494431534963,-0.639487305699503,0.144709708136757,-0.128906965946282
"530",-2.37065742484879,-0.282669870507899,0.683633030449405,-0.153183969925167
"531",-0.858877379324271,-0.00495155960967407,0.842102737607991,0.0905792229844366
"532",0.929400211529235,0.704994485779128,-0.488234095963033,1.35987259657311
"533",0.068639231754768,0.517703508712082,-1.06929377560669,0.403598654160695
"534",0.925394534344369,-0.0812859061089928,-1.42975491025125,0.884851603407112
"535",-0.0467708773246709,0.353102882684985,0.788005816885155,1.19957938605937
"536",-0.761246209604324,-1.05373276669392,-1.76251596578417,1.89413307117472
"537",0.870643803068608,-0.160174878100259,-0.0302664377078854,1.10327722686303
"538",-0.268197889327142,0.448149875876942,-2.03405876125972,1.90903328960408
"539",0.784337992698142,0.338246086078561,-0.559485201673308,-0.602570923910248
"540",-0.549920575244256,1.46426829431765,-0.121739621886899,0.461831507085508
"541",0.0338403284653414,-0.353434116163096,0.0725548160064777,-0.537609075507189
"542",0.544561686348333,-1.41546458665903,1.22873434055609,-0.0201674777523625
"543",-1.91142078494099,-0.105081905764474,-1.54087629360156,-1.13443580967759
"544",-0.939396235661074,-0.483063758371727,-0.63365008575167,-0.641527817117716
"545",-0.477834740385175,-0.633933427277219,-0.875950685639947,0.0690209212346754
"546",-0.310785986290555,-0.139034482331744,-0.106927717543131,0.214199998916858
"547",-0.372316324610657,0.862596289955687,0.865682473384572,-0.283658771524552
"548",1.23752067714041,-0.640531581365275,0.550802271484772,-0.153803593536322
"549",2.49117233256929,1.13695309746718,0.690298799815265,-0.368710334235852
"550",-0.256501010642417,-0.65814685198867,-1.0919792679654,0.456755420501547
"551",1.52495970934579,-0.420557129000292,0.27484310514784,-0.769663341006015
"552",0.117302653985628,-0.252304892906221,-0.104196104092078,-0.0860999205202524
"553",0.197200085726403,-0.0867352642415551,-1.22890653408998,-0.781113355245247
"554",-0.103370376405305,0.351576531753727,0.135009539064985,0.736490111699329
"555",-0.582267543148554,0.440634774364701,-0.461100536392089,0.0751665613552445
"556",0.454061381882745,1.97116146671238,-0.350933297757581,0.542119578718902
"557",-0.0654524713518685,0.725890978863477,-0.126137073382386,0.939145157888077
"558",-1.03007270561761,1.04266893912696,-0.309513037506677,-0.674585763074896
"559",-2.10704334826583,0.21336210570178,-1.1589207893594,0.247398234008005
"560",2.22406236458404,-1.21579061485924,0.227403966149629,1.85396331749766
"561",-0.607412191540037,1.09109456116589,0.0127294758956282,1.25594051742202
"562",0.273755777162439,1.66827909207588,0.544438254927331,-0.701325291078863
"563",-0.603154474975289,-2.11200124667914,-0.802123357408916,0.867629815835089
"564",1.25191645676476,0.409669700566971,0.186447819697389,-0.833267096781045
"565",-0.353263460973414,-0.575371302014007,-0.63250202641971,-0.984019864380265
"566",0.164021900085676,0.0954437958409573,0.954451243704014,1.04111888030307
"567",0.208163876652087,0.541873619815504,-0.51648934054045,-0.29275198761373
"568",2.59570373532481,1.63047495879156,-0.161610177219825,1.29098990624679
"569",0.352086744101815,-0.163173377114589,0.163892120211494,-0.383385927139627
"570",0.143686584784186,-0.721853789553891,0.314934550918529,-2.21851327849015
"571",1.14458549904491,-0.970287193579727,-0.191225613088177,0.711678683482929
"572",1.44721669427578,-0.142903349333855,0.637428122962872,-1.44197156397096
"573",0.297385194193724,0.164424623287462,0.723251479545707,-0.934311082240546
"574",-1.17389865604272,-0.468496566045297,-0.0367069942816363,0.0635023444584025
"575",1.09494909172244,1.27183475778616,0.697877587158132,-0.80304903570833
"576",-0.473544338575353,0.701128658881111,-0.869464589943344,0.450514417897398
"577",-0.139265739178636,-0.571551962665259,1.30660763543568,-2.02827169005089
"578",-0.0993539056202407,-1.64469380781105,-0.112186586832583,-1.84786862309715
"579",0.283437159400173,-0.687494177687977,0.421375689649824,0.0237916170585156
"580",0.0583812572321956,-1.03568217936553,-1.38099562333373,0.31564494591593
"581",-1.6039134480283,1.43512874396865,-1.74752729353632,-1.056662318259
"582",1.5184791592123,0.206713139621007,-0.132817366309856,-0.748868908315379
"583",0.167088266133762,-0.442706116292137,0.113442027415705,1.14113904294753
"584",0.700204603491652,1.04677826491704,-0.532807606426232,0.342192378391602
"585",1.74618066122747,-0.493000478021815,0.371704542684891,-0.95367987490057
"586",-0.701166138299524,-1.40629615113894,1.88476213075247,-0.718296251104402
"587",-1.17284360218804,0.0708493691906639,-0.696431828362224,0.847043659264779
"588",-2.03596615984399,-0.249511314537271,0.441415270255046,0.311248026202656
"589",0.0780874218672772,1.13530701551397,-0.827183254724993,-0.867391742834302
"590",-1.24606152730137,1.22140792321898,1.03965227737578,0.948488768335775
"591",0.247339072600428,-1.15299763148114,-2.25621496742836,0.343365941440732
"592",2.40831333455876,-0.0496298794013369,-0.805226039748517,1.74911931233441
"593",0.853821302537469,0.59507498511798,-0.296249998828006,0.390927750857761
"594",0.424352422083133,1.10414067516062,-0.591412667975292,-0.824021319166025
"595",0.177137453800164,-1.20252952088859,-1.05788535598721,0.148629352146538
"596",-0.352411701610742,0.148763592443689,0.1521094308344,-2.27469533347272
"597",-0.117928480548452,0.414453107009224,0.0662871113657167,-0.761867062581662
"598",-1.28212840240302,0.957736203538734,0.71332236620098,-0.502271754031846
"599",0.777715927598577,-0.251882564422058,-0.335816592099156,-0.130050218173622
"600",0.555767381851443,-1.01399430892802,0.133195093961178,-0.530161174870041
"601",0.968610758376703,0.548080830676479,-0.825783422737718,0.997986997265428
"602",-0.116898861486479,-0.0172507741708467,-0.58957810366387,-1.09029098797634
"603",-1.26310618519521,-0.185208531554416,-0.795458834234048,-0.270092984546555
"604",1.59553196508892,-0.530592808597911,0.0750912375706306,-1.74323875294287
"605",0.427421212317747,0.524443806567222,0.736780523328504,0.613660074254116
"606",0.195559327280409,0.572658166140532,1.97775080329867,1.0638164069538
"607",0.312250559175355,0.62175801553891,2.17000727801088,-0.120788454402155
"608",2.17700697215222,-0.177512624604405,-0.0566875331993758,-1.25805826594096
"609",0.210799450598172,-0.51488086615588,-0.74283986343892,-1.09659599025285
"610",0.0525963044800054,0.496379838459216,0.684368535092293,1.16433979917236
"611",0.712683171732186,-0.114796710860996,0.911643854255852,-0.307557429458475
"612",-1.06624632682845,0.0458472150927687,-0.689962171673774,1.49170200308042
"613",0.575877755480658,1.64728352445884,-1.47992213655012,0.568561644469993
"614",-1.2847974521232,-0.857392358868145,-0.719214118711309,0.13835319370298
"615",0.265466272631728,-0.307796947438199,-0.299429211370004,-0.22147544693562
"616",-0.0484024809238455,0.465057768527585,-1.04304229696787,0.97588354515623
"617",1.777177378099,0.948889988574508,0.0403550044155771,-0.0295220892592186
"618",1.93817317839468,-0.231328935711069,1.66384684466818,2.11146248576607
"619",1.62188687411354,0.412691641628666,0.618015573583013,-0.626411593969939
"620",0.0867787818979922,-0.107227191113081,0.923378986796727,-1.28818535888846
"621",0.866704187876253,1.36069872792709,-0.844811407655118,-0.202022144769863
"622",0.637195722588381,-0.148151057564576,-1.38818247487734,-1.14601248313254
"623",-0.0863466874767895,1.16631253941479,1.36061165256407,1.13123372406546
"624",0.0638651126995565,0.994839721179247,0.0719377677647496,-1.4355846621292
"625",-0.144207074669929,0.266551019061815,0.287155742345433,-0.879823331882346
"626",-1.01229061290523,0.585250107281458,-1.71257841290228,-0.190498248157739
"627",-1.37305283027951,-0.426475228647747,0.750277387300734,-0.590380018904531
"628",0.957784871640468,0.443882433181596,0.238573132808256,-0.545039684732273
"629",0.230367297811917,0.554514305925065,0.116916938760495,-1.26945824268958
"630",-1.09296994980144,1.68640482928648,-0.598912070639025,-0.670085688510469
"631",-0.86329493656839,0.711446081849942,-1.37752483506959,0.345914852069195
"632",-0.0433822393526975,-1.10010045617405,-0.565355795238992,2.30063354841159
"633",-0.201814356127,0.363219174397804,0.311142832018135,0.939598706984672
"634",0.929825494677499,-2.11206652086249,-0.134130303548743,0.60406668606376
"635",-1.09638279812415,1.07237290266243,0.972465144317496,0.968027527531273
"636",0.486320483489984,-0.264466240320914,1.59809494017324,-0.881900363502738
"637",-0.118742507877652,-0.449959417982216,0.278149882330248,0.815798664371313
"638",0.644619600870711,0.985310654176837,-0.176323079298759,-0.226026520756634
"639",-0.497827810738116,1.96807373525091,-1.25258493547105,1.29046649935584
"640",-0.221435630142588,0.560804120350111,0.593443567794685,-0.154194356005795
"641",-1.07698024473196,-1.4200164219366,-0.583767483012115,0.567751131044196
"642",-1.17521238590374,-1.42664978369171,0.715723139900027,0.670314217369936
"643",2.00729977540201,0.682576613151827,-1.34087045688786,0.182991631899027
"644",-1.72113545558799,-1.57219661859684,-1.03351950400926,1.39968960630938
"645",1.67844923069574,-0.0622384349042528,0.316024700383263,0.38316358508118
"646",0.784490278363734,0.783970291892666,-1.20531115078582,-0.0864172016734395
"647",0.157140610099594,0.254691132579917,-0.250691388739052,0.728042444914854
"648",1.4284205519701,2.29732899628114,-0.255358736662547,0.948531220974133
"649",0.13576408314221,-1.61125322347271,0.472763834124618,-1.10473458414579
"650",0.112434021018572,-0.0494968384185823,-0.452748677421796,-3.84794109692142
"651",0.794741534821769,1.51460369525987,-1.14571531695666,1.70576037146516
"652",-0.759599308820104,0.318461104251783,-0.278663828904824,-0.119029952872679
"653",2.12207660298982,0.916653827590555,0.029024661548354,0.916846430287965
"654",1.24335987941971,0.938827426396053,0.935269841681991,-0.919582915498068
"655",1.40409113055175,-0.809552495073571,-1.24334600529088,0.570628860547576
"656",1.47152718183,0.410409071621742,-1.31154086767158,0.212484877029934
"657",-0.149276035204831,0.106570268870568,0.593261518461319,0.734220398224659
"658",1.23398340968864,1.39144751784665,1.05819988813377,1.09265757049256
"659",0.109262027312191,0.279917856872633,-1.15644462074253,-0.79589553973944
"660",0.0425529553205094,0.0436540648310428,-0.520445058913386,0.805363781058185
"661",1.32372633518518,0.772367292941428,1.39267673683536,0.406846058776271
"662",-0.169101296315366,0.0872990861207708,-0.74279892646452,0.465544722639495
"663",0.0529547805467992,-0.756784071797537,0.146916108779235,0.64355276168488
"664",-0.0827383636277918,0.320758352580056,0.99728431093378,0.400257980585514
"665",0.0189830930154853,0.57422004258654,-0.683032005442116,2.1945493510517
"666",0.286095658864906,-0.264917589653577,0.464987783970677,-1.03360022376666
"667",1.40887638411522,-0.37069305355905,0.0967501266294798,0.696615927509796
"668",-0.967960460793943,1.39650866926021,0.44231356742474,0.886101429775654
"669",-1.06057186734968,-0.577398442340518,3.78143767502199,0.573150326872829
"670",0.307934026073611,-0.946967548447853,-0.309236612883294,0.758459302235547
"671",-1.02208257586441,0.235942906693809,-0.211120133768863,-0.494291161379934
"672",-0.797985763173529,-1.90004229692795,0.438648507908267,-0.58972548222779
"673",0.301067503742021,-0.266593450291674,0.475500578234847,0.446937658545409
"674",-0.758376504451583,-0.435313434256965,1.42587606355109,-0.0165964968268431
"675",-0.387282366333188,-0.079637862490195,1.90559310863206,0.860449865727295
"676",1.43641599652166,-1.48447746291415,0.775419210467418,-0.772286640183522
"677",0.264028650043212,-0.888519722195763,-0.18261549505065,1.07971668134459
"678",0.233055448545099,-0.170861257903294,0.784982005704084,1.4813633663146
"679",-1.25219173718247,0.690646472264464,-1.17614482332517,0.0063624986273039
"680",-0.0718131505277282,-0.626926935780021,0.503415586394882,-0.403271355592787
"681",-0.338723948197287,-0.905277516878673,-1.92409334450457,0.0470554475098249
"682",-0.871950855105658,0.414459459456447,0.159561721828761,0.385291121819148
"683",2.28751474149221,-0.284695916878743,0.304989002990849,-0.249449002668351
"684",2.13954673085826,-0.648356375466888,-0.407550149672459,-0.542979208918173
"685",1.56919940209966,1.47002673670674,-0.0114110542073167,0.238372205398258
"686",0.603069034974527,-1.73098940255255,-0.0853339965858756,0.361784266333503
"687",-0.347906986079325,1.94792259628498,-1.11652017500323,1.26968785410658
"688",0.369469256548353,-0.940391827569342,1.03402516112181,0.60164394481895
"689",0.347915498175775,1.00261525090675,-2.15576618100117,-0.00176098685759932
"690",1.66144317729364,1.90707928518627,-0.275370494420003,-0.189843142909985
"691",1.43691975464062,1.71624168496647,0.714239012683754,-2.1808881921751
"692",0.249213634778267,-0.33705191046189,0.613745629412668,-0.378954359367169
"693",-0.484570238346774,1.12815184162171,0.178036902297441,-1.19856105993042
"694",0.690664453372277,-0.212840275698713,-0.12698636803341,-0.334057204155734
"695",-0.127600074914598,0.378579655815704,-1.2717265361086,-0.271307499641897
"696",-0.174012975389208,0.280722375788676,0.784103844622484,-0.723496914106669
"697",-0.401195968364828,0.676736861473093,-0.131124256299816,-0.448892553015213
"698",0.848578965604491,0.0572135695683006,0.342080872029123,-0.535072305359839
"699",0.0262431067502551,-0.92277945969619,-0.366893548386494,0.14409659252658
"700",-1.38213080306582,-0.600821482133828,-0.690610449596093,-0.269419973617373
"701",1.32370093998379,0.70886285706452,0.176177506105713,0.79432167454683
"702",-1.27278035355934,-1.15066040467991,0.341908111883763,-1.22530842030865
"703",-0.266126002173437,-0.263813647112908,-0.0072119101352248,-1.25153628316409
"704",-0.668925899864881,0.834080868832126,-0.617641926401772,-0.774300864675762
"705",0.223208393473434,-1.16644308068362,1.02899254079616,-0.877848111280926
"706",-0.0162706550363171,0.618531031055611,2.22949592948405,-1.20713088035304
"707",-1.59237186975676,0.417249042036172,-0.189576198549861,-0.471496167243161
"708",-1.80314482355481,1.7238725185761,1.23855171264994,0.269289544326447
"709",-0.665466120244106,1.69504944485042,0.134120884691747,1.07287963274673
"710",-0.292329433522641,1.54743388005529,-0.287384475480849,0.252349144074387
"711",0.481615510672165,-1.59354860554929,-0.520777649288754,1.52236361578683
"712",-0.366347080710093,-1.56896804970456,-0.79383624354927,-0.42721440303127
"713",-0.182561445043235,2.05211707726727,0.455424264872729,-0.720539163612862
"714",0.190390549376382,0.515218358293359,-0.566873387085374,-1.15769358223586
"715",0.0901123270728853,1.3311454550297,-1.92166693199836,0.864781621432599
"716",-0.469099175666241,0.75362036496733,-0.239996024510573,0.544176281149884
"717",0.66356111921278,-0.741856947692552,-0.997481543066968,-1.43334243216074
"718",-0.562166867681996,0.246617192331506,-0.681570363415121,1.4759682601966
"719",-0.455665066024713,-1.55130443451208,2.4561957627918,0.27557821591639
"720",0.978329577160084,-0.55302548493408,1.30921749590439,-1.06861454130847
"721",0.350043191326689,1.31225983794416,0.0792354437851145,-0.157714401899532
"722",0.888427445284851,-0.535174582808559,-0.696209664373147,0.728327734517416
"723",-0.977945404754959,0.0391036648718258,0.332196291198219,-1.30686314832397
"724",-0.084239721725935,0.633626344458003,-0.275414116134553,0.217544124501398
"725",-0.11668112028347,-0.695820700914966,1.22993201030747,-0.918465679112846
"726",0.0531710608079479,0.173360056247667,-1.61376395713896,-1.13418078279404
"727",-0.616454073346563,0.0713050993876723,0.302377074122788,2.16505663161184
"728",0.404675170944182,0.967531569932367,-0.229005173663863,-1.89428303006838
"729",0.642550661189736,1.03844723652273,-0.668888570177537,-1.06909488634529
"730",1.40117529781587,0.718084868421925,1.35043706286043,-0.0577944367446478
"731",-0.16011824806072,0.242418112409411,-0.464486703299276,0.433585539545932
"732",0.772201093521214,1.01945837191034,0.898999414639943,0.652713338390269
"733",-1.20347912849347,-2.29723077828059,-1.61853884061234,-1.16326553965595
"734",1.71115230183296,-0.543828274645603,-1.12601181574589,-0.0506165797041313
"735",-1.76683272646167,-1.51962925637469,-0.866625022411955,-0.149578388354894
"736",-0.665169081126431,-0.0757896720163937,-1.69911050118083,-0.868132571651252
"737",0.850266137164121,0.314318170132037,1.29017015387169,0.362863213142106
"738",1.04948016233491,-0.417434946898658,-1.22726512821663,0.930837020891038
"739",2.12254510936646,0.193215027263775,0.864808372039406,-0.174644922291328
"740",0.50331957609906,0.284447015952708,0.550561543218665,-0.462841670674641
"741",-1.11710853759946,-0.829786459188741,-1.34727982196225,-0.802048863743543
"742",2.05031272757645,0.181341502286365,-1.27695494970312,-0.010446064925795
"743",-1.54537972840432,-0.116046014523703,-0.777586257054221,0.099302036990029
"744",0.607557632753777,-0.319192955535842,0.0792577319291188,1.56011618328199
"745",-0.931069357825639,-0.600082928753868,-0.204195356842308,-0.27143451943385
"746",-0.261714733862898,-0.610481051100615,1.54959095767558,-0.822895898456256
"747",0.272839111228262,0.32262475125231,-0.25446848174652,0.95849399563548
"748",0.870135615865821,-0.469916609610449,-0.160311892445171,0.818869606962823
"749",-0.722364033125404,0.649742025749919,0.256229413903899,1.02455216142779
"750",-0.0768790772780108,0.800105188421997,1.38129294089351,-0.0946842652042945
"751",0.915358446231525,-1.02691031781929,0.950325241205345,1.51016755243179
"752",1.54120456332119,-0.659489999578853,-0.0734692972940547,-0.618214295849521
"753",-0.440776323236257,0.424942578694719,0.00379010035017623,1.22022032544159
"754",1.61609916154381,0.640468894834626,0.633300322465946,-0.47178380475722
"755",1.10027973659218,0.103785721340073,0.425726810309381,-0.423840043284935
"756",-0.857764796041168,-1.76600701445434,-0.562977695593403,-0.377780815524368
"757",-0.321912828545621,-1.87438251485037,-0.561759218087863,0.721201205531217
"758",-1.15911396242502,-0.696694740134076,2.75072219243431,-0.262279631892746
"759",1.07588633409346,-0.923698697330581,1.9789823436796,-0.245707715839447
"760",1.33011316992824,0.443521832293991,-0.396053913148184,1.36779038899939
"761",-0.389378750754099,1.30249465267511,-1.86167645259308,-0.494297835827632
"762",-0.565736554236767,0.0139675726740818,-1.11622587594235,1.02354620631136
"763",-1.50869241310104,0.886979068571807,-0.615044475712927,1.0652460649952
"764",1.90637796386339,-1.07442150853579,1.92540305555666,-0.556276522537703
"765",0.229553340766404,-0.251943415922127,0.557906268667458,-0.54362694575658
"766",1.59206679927398,-0.135673972451411,-0.893245893872221,-0.0268880125305393
"767",-0.424415073135728,1.26849355556977,1.03423623608866,-0.911090561394529
"768",0.425818357390306,-1.62713950237692,-1.05085639404785,-0.86346949469096
"769",-0.953334160717271,-0.619835382302405,-1.40879637766232,0.28964087178802
"770",-0.109401249615975,-1.55090316839784,-1.24048922501751,0.730008034687891
"771",1.68664125753896,-0.725068598555225,0.0440226679146161,-0.281619237519546
"772",-1.12918482766709,0.419006542626073,-1.76255920065593,0.356092562290468
"773",-0.106765942343835,-1.32009088826574,0.421824161798208,-1.29033761854881
"774",-0.71096929694107,0.565710728554199,1.14683940082805,-1.72149455168646
"775",1.68240965222041,-0.797330066895256,0.128180144291424,1.07847693976068
"776",1.09122932359379,-0.759941947158687,0.0804932573400102,-0.959937373065118
"777",1.42902772659289,1.4308471341907,-1.10146985217807,-2.13551489408104
"778",-0.437878859597398,0.816221624571866,-0.797819355542427,0.752927554951671
"779",1.37735113199931,0.344240462088504,1.03939028310202,-2.06673847340425
"780",-1.14666217654859,-0.145789152406279,1.04167743096814,-0.955618688468884
"781",0.407553254599225,0.630615138248471,1.9338328290036,-0.559284532481191
"782",-0.487500561500536,-0.0392158955391685,-0.621692989549252,0.429438515643113
"783",0.9099929219883,-0.469635812601578,0.0163343663875607,1.0953420789323
"784",0.0212763133488877,0.459394388729192,0.51717982061428,-0.311385775023987
"785",0.330301694824604,-0.249126447735604,0.338885212416747,0.335471194878071
"786",-0.558763869005555,0.482546708324585,-1.4665348238413,0.141160123144112
"787",-1.58086373741154,0.203713688467663,-0.0887306806531893,0.394045451947402
"788",-0.97969187143979,-0.586017177518717,0.495809223671925,1.11597234367203
"789",-1.59799205031368,1.822399490259,-1.56729056435776,0.0435713294208974
"790",-0.0701735887987864,0.667269956931848,0.290621485747686,0.119633539338558
"791",-0.0997639636678779,-0.417398570963781,-0.404766375717478,1.75229245198478
"792",0.587332840864946,-0.512725569208137,-0.128711871025956,-0.582460120216109
"793",0.534313953597591,1.39488489509919,1.10612680422758,-0.338038646627584
"794",-0.640842812507143,-1.14707021004476,-0.363582716655492,-2.28324737576962
"795",-1.61459646407744,-0.256078327715998,0.0657596400045403,0.684169550788052
"796",-1.5166797193589,-0.58725915897745,0.778768413156012,-0.44218267577351
"797",0.559920609710346,1.73129164823434,0.76435822705557,0.042938562600478
"798",-0.685810063379124,-0.146948221367205,0.94793201155999,-1.08528630193812
"799",2.2397101650113,1.19518099269815,1.56025118165901,-0.998842963683073
"800",0.114981357967523,0.681119374219792,1.5109155274587,1.09793798509377
"801",0.236888263680833,-1.42291460514801,-0.622182459746172,0.385820291333261
"802",-0.065488070819613,0.0615217547766954,-0.684016580224279,0.130385739404158
"803",0.912868223982271,-0.256588589584382,-0.0419865578471229,-0.0347593470122576
"804",-0.54814681431601,0.534616876849023,0.47218925815727,-0.230659499297752
"805",1.1970290150717,-0.895932956755697,0.512356493352068,1.41634927175729
"806",-0.894074637727734,-0.272314749450169,-0.317072299155471,0.891861652950448
"807",0.607518950976029,1.79060546187087,0.596652299098794,-1.00391128271597
"808",0.589157690416811,-0.927267540837788,-0.648366139398277,-1.56488381851579
"809",-0.780018893187067,0.148627050396475,-0.00375835151314088,-0.499161700687306
"810",-0.578612636128524,0.935812791197984,-0.430010992899955,-1.64106830134754
"811",0.529198443840177,-0.451732972828472,-0.334561334873035,-2.48511967087381
"812",0.97672229672082,-1.18300694142044,-0.983391961658332,-0.142138508471162
"813",0.58315689260668,1.4786820188301,-0.00316629635254004,1.36321354262105
"814",-0.0444988328444934,0.0959254662600884,-1.40960715622672,0.365111927348373
"815",1.72184187406972,-0.643896682190811,1.09378961123291,0.484571335253698
"816",-0.483003964156866,-1.22446173843915,-0.40885555048851,0.15285827814112
"817",0.865018411815546,-0.021076282521261,-0.0625646397301741,-0.551689056814555
"818",0.320445531323171,-1.36530156561754,0.365112841659676,0.323808116284506
"819",1.24058744828867,-1.45017850924562,1.61960855122306,-2.07438963732719
"820",-0.536289718121719,-0.29366431034894,-0.719653106959065,2.58768825032135
"821",0.747154209384394,-1.28882309534196,-1.01487720695669,-0.81790518046572
"822",1.10446066959067,-1.5221268417824,0.500471692910657,-0.759809798682144
"823",-0.527021478675381,-0.214215542739797,0.707256548303007,-2.55634344990162
"824",-0.901112785720412,-0.864282883322725,0.0567808938965585,0.147096953873197
"825",-2.0238469453762,1.51728029970607,-0.710637808390761,0.362504062482874
"826",1.97671922779308,-0.000855743088021787,-0.00852194663117725,0.105444842447061
"827",-0.0647906923957325,-0.712365195305252,-0.81284456262773,1.22786165372126
"828",0.344182788586918,1.69773645770699,0.571489074379263,1.82768035858845
"829",1.27868972758283,-0.122525474994848,-0.976211465485674,-0.528808378313034
"830",-0.431454437119835,1.31606725467475,0.166503924334758,-0.581903980000698
"831",-0.807441140570308,1.36492397099244,1.45041800434703,0.692115332595148
"832",-1.26366010903848,0.964446764429843,-0.119006689498914,-0.78895656268885
"833",-0.974088657912105,-1.2007627930318,-0.693919844667632,0.493091994044894
"834",0.587934511542797,1.84057988569469,-1.9796674931687,-1.81719407112128
"835",-0.317864667306831,-0.292740570651908,1.18077294624779,-0.749248434132072
"836",-1.11836286404126,0.0426036928159418,0.623796817889254,0.497265754379813
"837",1.64446045392458,-2.02846459350721,-0.670084446039401,0.421817823088957
"838",-0.224709873769352,1.19450303821586,-0.862499050426254,-1.4725504484306
"839",1.41319120624999,0.0766736863244507,-0.5248191045442,1.08849727186543
"840",0.230771378642823,-1.92410439942846,0.659526548866735,0.220758002270899
"841",-1.26139610128202,-0.0329745814018456,1.42504426836344,-0.119131229492185
"842",-0.915822909433153,-0.066055967977387,0.574085064194542,0.00533099886703409
"843",-0.516999179785593,-0.634257877483843,-0.333095630167048,2.58846362326883
"844",0.765039101835934,-0.511078016547362,-0.0845793192539847,-1.18384328400431
"845",0.0564332532795223,-0.831485925961751,1.23288204355373,0.0338078414313649
"846",-2.29031193086736,0.884491055612099,-1.54136260782427,-0.0867323090785759
"847",2.02474995229526,1.91910653198077,0.79676775644842,-1.3913325151708
"848",1.61684403105806,-0.233673965518583,-0.512762627044195,1.24938726330846
"849",-0.558237743948968,-0.087780328019187,-1.0032203344192,0.080442140273676
"850",-1.92079208612321,-0.699052213509248,-0.447775846006762,-0.624914880818698
"851",-0.59323764602154,0.809941655189608,-0.132274083236555,0.690833426677535
"852",1.26719271678159,1.24656958169448,-0.995209102187828,0.946428789569671
"853",-0.302893647368954,0.63360237269141,1.00928434663437,0.947378565590603
"854",-0.534244607946869,1.07084462988849,-0.301272324903441,-0.538200850743997
"855",-0.408702836085062,-0.742152207881239,1.84675073493571,-0.519674559619108
"856",-0.832124957037692,-1.07171895557178,0.63209112923773,-0.964192622588733
"857",-1.01525649289365,-0.87637639675183,-2.25189846167617,0.14762579460164
"858",0.50214154930666,0.238300664582757,-0.702313358927092,0.269300664187356
"859",0.646811123163025,-0.528107658842818,-0.0237245936616281,0.0142619967019759
"860",1.16782054052981,-0.116594208869967,0.748795410326466,0.867742735119072
"861",-0.667922523154757,0.0198727671257667,-0.103143609370174,-2.0436300635774
"862",-0.895174079573722,-0.0427658267156157,-0.79447056791947,1.48989139116501
"863",-0.251069522990103,-0.202279019505282,0.270422589936168,0.273368714584255
"864",-1.1502128445446,0.252178737289092,0.545284101736545,-0.400407356900482
"865",-0.769479283941271,0.691701169094486,1.37872134145143,1.12606470788219
"866",0.575342732294872,-0.736905753296106,-1.64394335935557,1.95998455711205
"867",0.706456186879811,-0.307943995298863,0.00533456433813365,0.15165782098243
"868",-1.75073099090944,-2.2949696256384,-0.0893973359937638,-0.368508281067767
"869",-0.390354682043146,-0.222145483145471,-2.99697706100508,-0.347100437542535
"870",-1.05682754988893,0.438094379845506,2.17545900678009,1.27177494746855
"871",-0.538723134017187,-1.2028922167368,-0.573568364952662,-0.780534540062538
"872",-2.86994256385852,1.53031440789602,-0.456525504034903,0.718615980990523
"873",-2.18085682362326,-0.496509532001391,-0.596466462061246,-0.0298803274074952
"874",-0.0845261188675058,1.36556717000782,-0.711284127023142,-0.376072741520386
"875",0.307863425095539,0.218804913374106,-0.320412087940987,-0.10215942945282
"876",-1.76175951455482,0.222812753568486,-0.0390360859715697,-1.00845106743113
"877",0.721295180036785,-0.642200553525171,1.60970993497342,-1.00050937720563
"878",1.32851769623498,0.86386138432984,0.767779577791703,0.136920374255466
"879",1.15018916979709,0.0108354118457228,0.23173050548808,0.311540642431026
"880",1.20284236211611,0.844156100907016,-1.12044301032595,0.198904327920429
"881",0.549830010990244,0.748988959803861,-2.10224225948656,1.84305660657165
"882",0.195104817451031,-1.54697156633251,1.64212217152569,-0.946801906291068
"883",1.5460371733641,-0.114408960529542,0.203890797118841,0.852354786368457
"884",0.448012396560559,1.5859513784887,0.370671117904001,1.58536185995113
"885",-0.291834507689701,-1.16714024829042,-0.604844639640271,1.02835878994796
"886",-1.99929098724192,0.0782501304337606,-1.25156332027675,1.07405931977787
"887",1.23231125614015,-0.146687395144832,0.336294892664162,-1.24135424412102
"888",-0.0361707276944235,0.44266055036139,0.871773950371677,1.93046550643932
"889",-1.48803587289304,0.00568274183058332,-0.949767986446797,-0.168210559993585
"890",0.465087214009278,-1.54002591080819,-2.05963218016672,0.0140936418828037
"891",1.32573452177992,-0.125454027998869,1.32827843874186,-0.992907472599538
"892",0.804769656631706,-0.894738709370694,0.918808902541082,0.614042037544144
"893",0.937128706461632,0.0370164302675156,-0.69384087010252,0.0216717502681147
"894",0.797243240303153,0.0972151139721491,0.71530651746938,-1.40090577118252
"895",-0.235521506604905,-0.748352620423675,-0.899676299158029,0.325835237591185
"896",-0.137757255301317,0.893724569105442,0.522808693717733,1.56776452258695
"897",-1.4959565174795,0.085846078291938,-0.795559798126049,1.83345802890987
"898",-0.308691041875278,0.692373242891299,0.842554303022218,1.09251967710204
"899",-0.802018083997161,0.142769262681073,-2.10892352747256,-0.208924467015562
"900",-1.1543056450319,-1.46445385406218,-0.493546501258662,1.37463576153746
"901",0.885564180893559,0.155838191723714,-1.48488147587835,-0.1674608496677
"902",-1.26850917686496,0.108502591357619,1.32710617415065,-0.512303481326265
"903",-0.77069140805563,0.438789031134401,-0.975351678046374,0.507976872077297
"904",0.110755572637784,0.533243025212037,-0.86775601815742,1.0573871256305
"905",-0.450497764280912,-0.565097323567128,1.00957198251061,-1.57256177002324
"906",0.158617917150925,0.128318254938888,-1.41034598913937,-0.201939320654822
"907",-0.245226134217858,0.430575841438677,-0.314334498537318,0.0733204861336474
"908",0.389832274624156,-0.583437759501992,0.541768752430632,1.08615605732732
"909",-0.902511734138056,0.0713542273749001,-2.35000981804036,0.198917520811088
"910",-0.0528631974439638,-0.370035170052157,-0.133335752429106,-0.132371144711399
"911",0.389463701061499,-1.69781785045501,-0.379656073720661,-0.891115900899941
"912",2.06600284644165,-1.11401072645739,1.4752330539061,-0.462650102658888
"913",0.709964244051401,0.543419849083952,-0.467819050459498,-0.684562573311534
"914",-0.0584952868831529,0.576895291653869,-0.267275895398283,1.37775569087391
"915",-1.12813427755305,1.64204481673579,-0.807775021426713,-0.278427096940051
"916",-1.01208302491699,1.61097509735728,-0.631395316413676,-1.12556737117743
"917",0.830846564343348,-1.16103864067949,-0.584033300333351,0.518384814463695
"918",0.43171977912842,0.257074514521317,-0.472863420925466,0.434754255005436
"919",-0.00993301495921814,-0.861067406723274,-0.645166412696474,-0.212430630063354
"920",-1.38677692312244,0.537924822377517,-1.47082798223037,1.09630959001552
"921",0.636351768466964,-0.139550256541502,-1.63888856246033,0.260122198471999
"922",0.453608315992576,-0.273599399987341,-0.542989963088136,-0.157361572123873
"923",0.529167334796167,0.338917163309761,0.396073604519485,0.828494253156642
"924",-2.83110858553762,-1.40366241090763,1.10075995966139,1.13485965182718
"925",0.438670651303373,-0.500309866101134,-0.332627068989074,0.951975316960718
"926",-1.52967857660854,0.915346427464983,1.3338801077536,-0.688092545222469
"927",0.978162347434866,-0.242160269236906,1.31932858759897,-1.52735611264123
"928",-0.593373013160516,0.316218813654508,0.196024546534446,-0.413902513566653
"929",-0.530165761295268,-0.256155443774585,0.24457482716345,-0.506923631532642
"930",-0.353194034425082,0.83187928451481,0.51408454159073,0.801828113955866
"931",-1.22605471996427,0.229878565413975,-0.0388436530261393,0.113993207511605
"932",-0.206928470653129,-0.00864107792234586,0.888253137439784,-0.0171759341016259
"933",-0.474498196855253,0.412214588990788,-0.159920230335428,1.93582509172057
"934",-1.01725176183733,-0.956180007091814,-0.965638986206563,0.0799632276477092
"935",-1.57289209254998,-1.43188885333571,0.405998607712607,-0.719602385512284
"936",0.913498091946011,0.201719230813404,-0.218486097995709,0.458008496269354
"937",0.912455504533768,-0.288860914159754,-1.79530723002621,0.342030486362911
"938",-0.355043587673917,0.158489535405164,-0.990567719636254,0.458686180862055
"939",-0.651339651339167,0.370424288944439,0.962676217707236,0.939816343766496
"940",-1.30907483747318,0.970973341810199,0.134032519515905,-1.92657219361229
"941",0.632194939150311,-1.36985638808901,-0.618768400424342,0.0598803253479882
"942",0.0856522662840491,-0.731874348911332,-0.884308969192898,0.655780326521509
"943",0.311192227851934,0.803685026435047,-2.24280569500776,-0.0676393227030196
"944",1.62294293012478,-0.151666102319055,0.694240009353528,-1.81528954044111
"945",-1.10600830003407,0.284072382523874,1.88411280542717,-1.19557234986879
"946",0.585820235511385,1.63697000029267,0.19895862798514,-1.69288958713833
"947",-1.79190769917795,1.88171831863176,-1.10944116228981,-2.30952484829372
"948",-1.02558401080251,-1.2941112556442,2.20257063685025,0.974523717776795
"949",-1.60596885922732,-0.142574260364697,0.614630050360407,1.44204698648602
"950",0.246515663612492,-0.134131956612867,0.964235028403913,-2.36518778827188
"951",0.47615890756924,0.554587786053458,-0.705330591929104,-1.18821803880599
"952",-0.459529825407933,-0.316428475355916,0.656170673267647,-2.12812367713119
"953",0.482777831013021,-1.86448391767607,0.553017607275481,0.67319874974327
"954",0.0863370064385845,0.235499143237974,-0.145776856503124,0.126128902669052
"955",-0.537105094531728,0.774690245531492,-0.670631033467244,0.461995861203953
"956",-0.0216399788276088,0.289186982376519,0.800147800122854,-0.575874716813316
"957",-1.69145206099586,0.932671535370957,0.600275794516505,-1.54054803513073
"958",-1.10975978400198,-0.0300615199247935,-0.655347583906463,-0.677168473257169
"959",-0.678078267054035,0.487483177496619,0.311397548687733,-0.724744156260896
"960",-0.422125773557209,-0.602784487780966,-1.25925436370135,-0.378010970213845
"961",-0.973429976258963,1.06647813499911,0.445854502363078,-0.811395688288471
"962",0.531432597845695,-0.674688355458201,1.86310900249467,0.968933148498091
"963",-0.419871008717761,1.87178408615661,0.557108918120209,0.486960199142421
"964",0.373328238320567,-0.0867781888540679,-0.925704666166088,0.568321844403262
"965",2.07112072717854,-0.146252941933206,2.14528569797942,1.38761791254551
"966",-0.333038296509311,-0.980504778563171,-1.30408447801763,-0.440785257801906
"967",-0.108719825679316,-0.331522620475908,1.62445638991445,-1.51841140657075
"968",-0.216925709088979,1.92656082363411,-0.703508629724454,-0.0237973277216411
"969",-1.34657363968708,-1.32746058523675,-0.0578813520772449,0.997273444304214
"970",-0.884544778319559,0.0395786172946829,0.0455766677347588,-1.23821465247038
"971",0.303849829099084,-1.2753805975309,0.0784756603610176,1.17804578436535
"972",0.396434160358885,-0.136212711593526,1.62612457747162,0.310619576804094
"973",0.440047506358465,1.86183641694483,0.0540343169106098,-2.13078157029966
"974",0.897936482770837,0.649826976793943,-1.30384165042922,-0.467734647903675
"975",1.77668665112923,-0.0694530431781021,1.09806934751756,-0.598674169651276
"976",-1.57867104729165,0.264787202423911,0.144729416439796,0.554068543579903
"977",-0.0673223368793427,1.4292713405292,-1.34420859387625,0.513069419633917
"978",-0.939078276007836,0.184480204261176,-0.0722598004676791,1.18897349292979
"979",0.371518881347726,0.467147726268547,-1.50063869168307,-0.410062513492471
"980",-0.141804856205958,0.826682567321661,-0.218057043857159,-0.249291244894359
"981",-0.13094908539435,-0.549762876312082,0.725321988189516,0.582964970791293
"982",0.84830862347636,0.169455671634812,1.11158630611797,1.05532418084959
"983",-0.0322708604707261,0.947584055799258,-0.976177348112484,0.266436278374442
"984",0.651907642242434,0.689577637237016,0.711483459505473,0.00180469460169252
"985",-0.902226576620931,-1.25725309016334,-0.123645379638845,-0.503229935812203
"986",2.12586666231732,-1.43962155329137,0.406285968839034,1.00892471749697
"987",-0.220291015205699,1.78742948970835,0.200495840878263,-0.373027923927217
"988",0.541369484727128,-0.327024244650696,-0.865898976134718,-0.857721716835873
"989",0.935069968759992,-0.293065911014418,-0.404556353192517,0.115303621996324
"990",-1.28127651616335,-0.882943917077322,0.868507007517237,-0.620592061804528
"991",-1.4971576273523,0.200641102902978,-1.65851112206635,-0.618617563113365
"992",-1.11316974078003,-0.654773077381212,0.701861837256574,-0.959798657759059
"993",0.320781534665415,0.426489942939858,0.170338233581472,-0.620646703966721
"994",-0.40960685486138,0.981636311736116,0.627358366819904,-0.423496347684156
"995",-2.68636740648237,-0.289629833854579,0.598819059044591,0.493002041599433
"996",0.0554657919748142,-0.254610863861002,0.0767402198508135,0.0659869933920907
"997",0.287066679282268,-0.130659125760993,-0.00411571336459657,-0.585469618528511
"998",-0.321669561786312,1.06332597156729,-0.439088289526495,1.16690975872712
"999",0.986985715681452,-1.21385360376163,2.78955614616261,1.44823298673938
"1000",-0.0891694276553476,-0.22319262312056,-0.0780237928948427,0.161534368410583
