"","v1","v2","v3","v4"
"1",-0.518182362698529,-0.932178758826487,-1.55589063686689,1.47766369842745
"2",0.0747584906958963,1.36200315972396,0.620594087276127,1.38878053944747
"3",-0.790125407205042,0.183175293535312,1.05560392851673,-2.23448013100574
"4",-1.50404298010653,-1.02946343800311,1.08594040313418,0.975030375132313
"5",-2.59410549474902,-0.158946136660762,0.506119156317388,1.07223017880233
"6",0.267959797076049,-0.874894321900678,0.831293792934658,-0.210039085537723
"7",-0.00550344374569599,-1.15479247969357,-1.68383038394298,-0.294416765628848
"8",-0.614532894809104,1.01634151898151,-0.650690656392353,-0.403873862863788
"9",0.00858628870971468,-0.110468812788704,-0.980814488623799,1.20225034943714
"10",0.425314246631933,-1.27102259735841,-0.514634244883328,0.0626557714190927
"11",2.19325522487787,-1.4005330083583,-0.316009655296481,-0.563878788244753
"12",1.80532356972899,0.846217538833917,0.623265075587206,-1.21112413564842
"13",-1.0476709354062,0.41854637374079,-0.445366481250543,0.294062358791951
"14",-0.0987233964478178,-0.12056658974119,0.684597351246919,-1.69138922997038
"15",-0.809592193530103,0.877095804098756,1.87436528007216,-0.380082571658551
"16",-1.56495503741098,0.342599212515597,0.0745366111056698,0.177249445326944
"17",-1.29981288550136,0.0262874244976579,-0.695069672391142,-0.142480671154803
"18",0.284692080050736,1.75244684216701,1.175452115333,-0.306947580973419
"19",0.0999885324828436,-1.0798471778545,1.19531929368017,0.285671428964637
"20",-0.37861962737761,1.59272619910645,-0.0359725396651347,-1.25086961948249
"21",-1.45315635977064,-3.00611765958419,-0.675173583770285,0.0723042455494568
"22",0.746871914398901,-0.825277462574366,-1.92069630256308,-0.116693286578117
"23",-0.389230514465629,-0.503296210921284,-2.44646391241713,-0.688045444018835
"24",-0.342251464425556,-0.906319418333678,-0.191221400279697,-0.598793513177877
"25",0.979431319378441,-0.991744484956964,0.495170209805945,0.665797376339064
"26",0.674776029835755,-1.23200094098123,1.34511585309623,-0.247581917368734
"27",0.646048238087761,1.62823959276104,1.09947695379727,1.83872666629566
"28",1.35925631887989,-0.698806547984035,-0.0097567434125352,-0.340177120565094
"29",-0.685867177552918,-1.0523560695841,0.422708809004147,1.92771292113747
"30",1.15252129514204,0.413542324142981,1.40782871766836,1.50910425730519
"31",-1.73181091374596,0.986428553844802,-0.272360369865533,-1.22741189061556
"32",-1.28424574245963,0.863750953694449,-0.335010062641214,0.252606332832835
"33",1.34052832697495,-0.279194439750005,-0.251968941997751,0.599156748734884
"34",-1.24371896826317,-0.0987608416336736,-0.0902052864138327,-0.52165285109876
"35",0.437382785656946,-0.134939704233979,0.244632896681377,-0.176875020491675
"36",0.493152636863213,1.08327470122879,0.996788413358319,-1.32067073239493
"37",0.99317676433157,0.117368791404443,-0.177026771417826,-0.218377748168367
"38",-1.22246330149926,0.263230337022337,0.833550821307563,-0.302091424169609
"39",0.299092833958715,-0.781269939030345,-0.81452988716707,-1.02487738592206
"40",0.2509982366889,0.76246315246814,0.00890724040101256,-1.40066965209591
"41",0.634767519346872,-0.641578073761787,-0.743025503864928,-1.31231107757486
"42",0.134951924972556,-0.49256933597458,3.10078428279255,1.21408640677499
"43",0.338725663697752,2.28460262217011,0.473293941787282,-1.06804173955373
"44",-0.457234722993818,0.0403102358735359,-0.324896442837233,-0.323956146090424
"45",-0.977488676172948,0.580640132176923,-0.568815845469692,0.0123056789064716
"46",1.82858729189239,1.74477290332064,0.63892027366511,0.0162996443401882
"47",-3.12847964059962,-0.244127458433169,-0.993764668442196,-0.296029519422464
"48",-0.270718454155512,0.750609253511125,-0.689398200208833,0.294021301538861
"49",-0.891240442621067,-0.699243314126746,0.536219565049225,-0.201625056499947
"50",-0.0774566710346445,1.66773410053995,-0.481645388981642,0.382908518369078
"51",1.1104387714609,-0.137811340783528,0.254855983759028,0.0644791728530418
"52",0.0903091845907804,-0.38449244503713,-0.342729023387363,-0.0537420463230514
"53",0.271790804479238,1.90398844939328,0.354441357711614,1.30155652905125
"54",-0.740795330867181,-1.97603167249716,0.397952306315362,-0.0239182856817859
"55",-0.878456830257022,-0.214395567455326,-0.403556115166577,-1.29680228021978
"56",-0.0519490949026905,-0.673730318866937,-0.936363442451848,0.664112298064095
"57",-0.293500975446058,-0.542837737983905,0.941814465355097,-0.255893616446886
"58",0.175895574963732,-0.563506921178816,-0.908532159662518,1.16315612825454
"59",-0.355286736431816,-0.217926065271578,-1.55338182771996,-0.023819412775286
"60",-0.41896941795509,-0.328586833780097,2.87329480702387,-0.552077375809449
"61",1.27394492270065,-1.25360614337695,1.74319389900357,-0.220702454129892
"62",-0.379811372968552,-0.0811360388217309,-0.071639357206017,-1.04210487351903
"63",0.427035888351739,-1.74485939852822,1.14326370574804,-0.192177703892669
"64",0.692815842404489,-0.234541566094241,0.80444347872048,-1.07358260145388
"65",0.148061791101445,0.364584502131021,1.74863310134388,-1.17862078814437
"66",-0.494168946842647,-0.451827343270615,1.12023850589222,-0.548712421771615
"67",0.441007465253202,0.582394171073036,-0.0446300791265403,-1.04587006392407
"68",0.579335558345898,-0.0966848014431311,-0.171025954943199,-1.01420821680495
"69",0.845792189641265,1.94086146107869,0.943329375977908,-0.357242153334464
"70",0.341506893375575,-0.0587678091270753,-1.80942583226502,-1.12452550789227
"71",-0.445521566198029,-0.299780500333707,0.810522121521742,-0.635196625722839
"72",0.313076356555283,-1.43472471150353,-2.48616806607178,0.238799848425785
"73",0.719528658953033,-1.28754354909286,2.00591561013452,-0.879857965701123
"74",-0.454181450378092,-0.381228432571421,0.824488512803974,-0.762062678232862
"75",-0.437236560663057,-0.408439018783426,2.87124056290726,-0.290039995955586
"76",-0.81114861263579,-1.23326085181685,0.260617568142352,1.33279942383568
"77",1.58430277611604,-0.117150487312203,0.749280278157235,-0.76290130635364
"78",0.139652464902778,0.0332780464919866,-0.866883295526294,-0.150050217411795
"79",-2.39971390348971,0.0380677615749403,-0.17401487047817,-0.944173907535977
"80",-0.231627972618431,1.90397635349226,-0.299337534412852,0.24002995152051
"81",0.216576556657846,1.57011409760337,-0.348067577764443,0.25810696211243
"82",1.32454128668843,-0.255892877186861,1.37316712225254,-0.831499686095103
"83",-1.68159150411591,-0.379487835265102,-0.654485349729676,0.810081212116334
"84",-0.123648760528107,2.14569755419953,-0.792271576987534,0.110400179546055
"85",1.37396697532363,-0.504178315081985,-0.453128529744382,0.911090925207306
"86",1.07922253654173,-3.09177686210047,0.377693873748171,-0.562583388182524
"87",0.23902382017746,-0.959647785630497,0.615562386412074,-0.282930231146723
"88",-1.42653755440624,0.571430428816319,-0.35276471489264,0.417558796217081
"89",1.32075047524209,0.965368202895144,-0.0821707009532661,-1.32906814197638
"90",-0.0635621330861548,-0.152075846386677,-0.974511582069353,0.10859167397355
"91",0.748582726417671,-0.0961517422274313,-0.260879633259139,0.423215878573172
"92",-2.08560800758964,-0.288700407586988,-1.90087126593981,0.794823273910748
"93",1.27200197299928,-0.805910973032741,1.17413353802311,-1.35696718422437
"94",0.866962465505078,-1.65050716507529,-0.0863054361645544,0.404880031715653
"95",-1.63617272567652,0.432217261570539,0.464489416096149,-0.0449536221207264
"96",1.55845324518355,-0.526904653464074,1.08429746765213,1.37631719155064
"97",1.0117970762834,0.738099438085211,0.141090258925574,-1.39659949602737
"98",-0.113040660381296,-0.613810037576785,-0.870986316634459,0.036391364920099
"99",0.383117504970035,-0.24886073809766,1.09589053643256,-0.0222484864853954
"100",-1.45591167868538,-0.310354306580375,0.621471531921148,0.093868209647105
"101",0.491635958278872,-1.33276972012674,1.57884886370102,0.699935723969516
"102",0.705044932310698,0.972557156556,-0.116350461982006,0.835075571620095
"103",1.02078077857331,-2.13312287636564,-0.0194203194413036,-2.90423132811285
"104",-0.425339177488242,2.26052492684702,-0.301235607396522,1.39330396913093
"105",0.392451058843547,-2.20071721409346,1.73609096748446,-0.159819139852919
"106",0.425519418791206,-0.403077363776479,0.321796094264141,0.883196469714596
"107",-0.779677512348477,0.293600501306518,0.130097545720398,-1.00096470250484
"108",0.571287778112285,-0.678508962290951,-0.594588044478087,0.925788821683152
"109",0.941990986892686,-1.55795680245365,0.809541881485679,-0.634212269943038
"110",-1.60013419434019,-0.549997932484436,-0.688324814916284,0.549266654538632
"111",-1.11875970713898,0.26905336748607,2.49189369014919,0.0180971199154282
"112",0.287718207086839,0.0201786765412848,1.77858565376386,-0.118560009112798
"113",-1.1387821689101,-0.490805972598177,0.75323939624706,0.712019973401664
"114",0.0308011728644959,-0.890369723896125,1.24018457920688,-0.0581851509333133
"115",-1.13460013192946,-0.801415612219094,0.0110683003982882,-0.279105057009639
"116",-1.09178293938082,0.960672088676488,1.60456480710881,0.208417823877818
"117",0.835925629603344,-0.312495180541467,-0.383957188383152,0.816475248517981
"118",-1.03700312898712,1.5154299629574,-0.233164438142558,0.401471961368736
"119",1.13257011468823,1.02529366498334,-0.114745116583306,0.266761730771895
"120",1.32774578586348,-1.41378037616366,2.00126318808692,0.363829604372867
"121",-1.28889566435238,-0.149700870408896,-0.485760345587053,0.131235837491441
"122",-0.66095640259208,0.789931122037142,-0.583964861121784,0.672714373046644
"123",0.541245934803087,-1.03182623503922,-1.54474620352886,1.16390074587662
"124",-0.0974214022435701,-0.528403647910624,0.626927607319835,0.672933824866517
"125",-1.20819907135974,-0.677385845579374,0.212673223746977,2.09849134300855
"126",1.16233832015267,-0.322416947847861,-0.466102499402493,-0.0682636662817024
"127",0.260642041217174,2.25094692386216,1.66223265829027,0.934073037193444
"128",-0.0101661082968231,0.0334909968152332,-1.69999300988392,1.3738408671848
"129",-0.263500450147628,1.6910214499005,1.12326034601233,-0.910879653566351
"130",-0.66304824735769,-0.291005376760842,0.522316538947684,-1.34098534187308
"131",0.116828400873435,-0.795351934769134,1.41524879642431,0.474417403719363
"132",1.16138756016577,-1.52645109906169,-0.656377802073358,0.528989632805626
"133",1.51932770754358,-1.0160600917978,0.815606696560028,1.74657459355174
"134",0.907006524207151,-0.729279265307249,2.50576677693171,-0.977306170461144
"135",-0.642305714367315,0.592909072784699,1.03383222606724,-0.206722159196746
"136",-1.14605954073267,0.106819067691444,-2.53359653562354,-1.40901307174528
"137",1.01606177676543,0.79953002071364,1.13165066890296,-0.864546592060527
"138",1.31744775738288,-0.133123530959479,-1.19220298700003,-0.93959238144411
"139",-1.370170118416,0.877218453414557,-0.339600256483786,-0.638167160320656
"140",-0.298310825780249,-0.0674624211956199,1.43415214707747,-2.14247245627045
"141",0.701195632680137,-0.299909092982916,0.748465869142248,-2.2245102411077
"142",-0.479816720035503,0.684797197337306,0.712133040104847,1.07583881943744
"143",0.323114585366744,0.883699966889382,1.7993698399338,1.09998225066854
"144",2.37402725817974,-1.21622857293269,0.469366798596722,1.90316857880424
"145",-1.00226755796282,0.388797101108314,-0.259149947613674,0.530325919917507
"146",-0.565734437606003,-0.901334678261206,-0.327827369932919,-0.366541195403346
"147",-0.534785614999204,-2.50334501301403,0.284012863500703,0.107251516937047
"148",-1.5263681550385,0.162281837991804,-0.874595115160828,0.141527931861944
"149",0.0154044276197525,0.36051082052187,-0.260658797447883,0.916185132187623
"150",0.535935328192545,0.54601965045146,-0.398452580906288,-0.0333326300312948
"151",2.53969676325042,-0.54337850461421,-0.64429572010191,1.00999866948803
"152",-0.549049056769178,-2.68570889043323,1.31326556529633,1.01202346648259
"153",0.472912837393498,1.7023030248507,-0.266867871508047,0.79626259685671
"154",-0.556711911209502,-0.127760017155323,-0.105694260364568,-1.88801729325616
"155",1.31518641602347,1.74506335607537,0.418959647969935,0.231476662895707
"156",0.45743336684534,1.82778146370391,0.0260959668332895,-0.676630440080608
"157",0.650924564045183,0.617736597956686,0.306189639638108,-0.157828398501979
"158",1.05837165341618,-0.746668375746221,1.04276261804517,0.583778907174431
"159",1.6111120436433,-0.775416577252659,0.440076322387691,-1.89656881152735
"160",-0.656642820135733,-1.92720744488857,0.752430122694854,0.0340641026456522
"161",-1.44367373172676,-0.27555700525654,-1.27361557051797,0.449989656864905
"162",-0.110153614981792,-1.23411571671578,-0.250128717389376,0.289393842822943
"163",-0.733956455813166,-0.106194690647354,-1.55479402319966,0.0923290271483017
"164",-0.455808405732953,1.16916361026287,-0.786803356793117,-0.396792472062301
"165",-0.266458101121738,0.372192751330347,0.68179372282714,0.135936302176447
"166",-1.13488596860943,0.383096865314313,-0.374611489196899,-0.641904660092814
"167",0.897768303406414,0.677180371636195,1.08975470214094,0.805883399711071
"168",-0.0144481410403299,1.3902484065427,-0.0634541377358614,1.22407055464649
"169",0.0119110179201296,0.285378104699409,0.420811525231374,0.894020126283551
"170",-0.245450088026646,0.347300248244165,0.262774491875136,-0.0564861270503084
"171",-0.835491348273421,0.414541426871566,0.236337800093792,-0.401039075292891
"172",1.05838529452594,0.606874880024115,0.327547535773493,-0.476764896231269
"173",1.24396386866271,-0.251717552338737,0.269091527777756,-0.622874008136448
"174",-0.732113356322254,0.540019739965539,-1.12162699045079,-0.226181702238148
"175",1.65536479803356,0.983457303476644,-1.03201327949351,1.40360894970814
"176",0.823780816493739,0.279173772257853,-0.658912259283335,0.452431393332156
"177",0.192779939642639,-1.15849891281012,0.560327526103945,-0.630952127070464
"178",-0.600711740617948,-1.54359433715844,-1.47318403990084,0.749564145394851
"179",-0.655088931821618,-0.387316659053887,-0.202844709692601,0.667788660458449
"180",1.51426334350398,-0.594890340448451,0.881737830975091,0.415588762106078
"181",-0.405075697806346,0.0509316811512794,0.247794575746005,0.734534770293341
"182",-0.38475984242865,-1.27741781879562,-0.9429804678201,0.639925203322471
"183",-0.443284460758774,-1.17923026425852,-0.489170597453161,-1.07311881234731
"184",0.870544314174953,0.101407368364897,1.79782020760427,-1.01178286703412
"185",2.09222344533822,-0.33806714731579,-1.01167734116196,-1.05581135077473
"186",-0.178677604507966,1.16086307813616,-0.727322831386451,2.03975407292615
"187",1.73913108155025,0.771888666800537,1.43723011763044,0.619049846745753
"188",1.32337614170662,-1.61996957437793,0.791516328570282,0.759539278824928
"189",0.0542037372418357,-0.685776491638937,-1.22998783687087,0.590106992344844
"190",1.73287018732943,-0.0338592966365123,0.294891821592261,-1.23817806359246
"191",-1.6710898683098,-0.33577567072848,-0.0691723530471621,0.0753312003596408
"192",0.909481682089641,1.25633283019848,1.10987095498829,0.0864667713861206
"193",2.12213475498063,2.20796944803439,1.21893046305223,-0.528886881672855
"194",0.71576221586704,-1.36229107138101,-0.67219307129194,0.64661827350709
"195",-0.354141102139063,-0.447684412876973,-0.235205834591332,-0.834188968342495
"196",-1.19028502081843,-1.23411464593544,-0.0918187286325468,0.144526806937019
"197",-0.44258654546316,-0.692830198416087,-0.104960386287947,1.85551820921692
"198",0.183047329222678,-0.554255227821945,-0.731971394916263,1.98005769744035
"199",-0.281768569002688,-0.860788344227907,0.132421655904803,0.647029261814017
"200",-2.15997952746448,0.220792356522958,0.144213550123869,0.292814934867
"201",-0.200481535373342,-1.77082288265329,-1.54834168184886,-0.621685045813837
"202",-0.948044380774513,0.936481278034938,1.12600894449613,-0.248102438879355
"203",0.51818373903134,-0.034389489690106,-0.459099729985334,0.141601559429399
"204",-0.496981201874296,0.639318496771121,0.457655374659479,-1.48420929907758
"205",-0.44455139777238,-0.25728747907843,-0.538448084299944,-0.146104418361555
"206",0.876340844353788,0.355536706877747,0.271750067054785,1.88445179375547
"207",0.125675198569419,0.256085082984791,-0.54901672974658,-0.593206814302448
"208",0.523574432915093,1.81137645367076,0.698476356614682,-0.068939371848322
"209",-0.0505013105760554,-0.255494498322626,-0.475661698153888,-0.173987446337813
"210",-1.08159217594659,-1.2812256096517,1.13850815582353,0.0639113912419155
"211",1.06927470931021,-1.48399265811457,-0.251999379141032,0.316305740294012
"212",2.35911618057606,0.157436509245734,1.50710384063054,-0.87246584280182
"213",-0.881923306726585,0.84463269559429,-0.937772570503459,1.64628324713985
"214",0.0801883136105989,0.355887217393343,1.38010689720082,1.20805253059628
"215",-0.143909771396094,1.46078445045919,1.74394569463482,1.56964514261952
"216",0.663482367838763,-1.41789751085927,-0.248574779758965,-0.260231572873423
"217",1.03543248699304,-0.838289141612093,0.210838139885912,0.183181800341357
"218",1.79201787669384,0.814808682186295,0.434268742873477,1.01295024608282
"219",0.94245171354662,1.26413872696853,1.19078258234647,-0.326996782356727
"220",0.231302585158652,-1.46086535982531,0.797291300169748,2.27824850933127
"221",-0.308732934900831,1.08629501535493,0.881455369261013,-1.49712088322155
"222",-0.831121052851006,1.23664859662623,0.326206047510763,-0.660968920173282
"223",-0.27348895658824,-0.501726613249506,-0.250249708978503,-0.36835971440384
"224",-0.944048154207984,1.61073926572421,0.178097979447019,0.343817665019174
"225",-1.65246336365978,1.61041164751995,1.82126102807278,-0.464983930012709
"226",0.167377674029429,-0.573616825751397,-0.209250464487731,1.25471544417758
"227",-0.729913700102162,-0.0998982724814634,-1.52245488418207,-0.145826579612324
"228",-0.765698861210359,0.23354242283342,-0.621973058003147,0.82597249729142
"229",1.40021881111723,0.552554008634076,-1.2473372144524,-1.83353488125277
"230",0.151175430781345,-1.25022472722311,1.13801287938665,1.35413219085564
"231",-0.660451979870885,0.537279202176433,-1.84436926172071,0.709365324032031
"232",-1.00201276185704,0.87788841402394,0.503536548694097,0.0185972483489315
"233",-0.417536327693862,-0.41101165869299,-0.767584519857577,0.043719545017782
"234",-1.55868780858534,1.84155047379773,-1.46390633566609,-0.064229660384541
"235",0.444628090512529,-0.0608111680959456,-0.16894235578679,0.155101612291914
"236",-0.992422270110112,-0.841039806363039,-0.217890738970577,0.00167020026063893
"237",-0.0200690075666667,-0.00827100024752831,-0.328239372916723,-1.22784335215078
"238",-1.09765220907735,0.460982373266497,0.965172347659152,1.44024167045534
"239",-0.331804081035069,0.652485429374469,-0.291286790251642,-1.39858783743666
"240",-3.31421054569585,-1.83738432494251,-0.68548250748188,0.025626768803919
"241",0.474414612921108,0.461192753869693,-0.633444982358039,-0.872631221980804
"242",0.713646418445345,1.20826700656205,-0.293995330535848,0.862071004940244
"243",-1.38482746985949,-0.242962416887616,-0.464682516519703,0.956324112195083
"244",1.51156476612527,0.0213409981375079,-2.19090925188496,-0.0218025458020977
"245",-0.595074285619775,0.354971601729535,-0.622419501948376,-1.19490464492184
"246",-0.423837637131334,1.23263646801315,-0.115294332627662,0.469129743151211
"247",2.00114186153322,-0.410354199136533,-2.26299359651026,0.151128262289777
"248",0.158949584651356,-1.13763410555076,1.06043192805473,0.509829350081546
"249",0.396220375633133,2.25119209485202,0.517126726571837,0.247574899456137
"250",0.500255235052161,0.0803775182637224,-0.0923976410456779,-1.1972052945955
"251",-2.56259147598876,-1.19931191937178,-0.318810826150093,-0.999944250195706
"252",-0.94865787166018,1.01098375545961,1.61607293658958,0.34792312717402
"253",-2.39396025616573,1.77474301664156,-0.247953904946913,-1.98830784719288
"254",-0.340993702971432,-1.29290301836952,-1.22203122982808,0.747917193160738
"255",0.754684112512817,-1.99603564462198,0.729136241794696,-0.60650644017062
"256",-1.78203527760453,0.0392241416869992,-1.74247958901231,1.1950840057038
"257",-1.45177243071602,1.97744288754072,0.581268048799759,2.38747709625908
"258",0.403234916653479,-0.0983602997607481,-0.181391205766584,-0.61867675277172
"259",-0.463345750677415,0.675878458350577,0.606620332913246,0.590307254188956
"260",1.19878124795797,0.78135626853729,-0.269180986955847,1.74418745922422
"261",-0.13505715673171,-0.28847052679011,-0.816406776238228,-1.95048613435375
"262",1.22681394322741,-2.31607817558149,-1.42174172704047,0.307088452010385
"263",-0.265793930153684,0.275086535083789,-0.203519269223425,0.90157972645229
"264",0.95618664936271,-0.661790083162711,-0.305694158107184,0.681952473631368
"265",-0.875538067548213,-1.0889829621305,-1.64750431143058,0.464782788568367
"266",-0.690269711288656,-1.11982207569013,0.911909654280052,-0.0938849156488634
"267",0.613771741871666,-1.4775586351065,0.0166290759907941,0.843888486307769
"268",0.648454837708956,-1.27212519821825,-1.29125197574045,-0.0360731615870502
"269",0.549867895012478,1.21383628409978,-0.504086853355225,-0.339705382611512
"270",0.613201412761017,0.148184525577592,2.27822382449948,-0.412915247667089
"271",-1.74576340663965,0.128385659244207,-0.330553086483136,-0.170601141999087
"272",-1.48219397505237,-0.365168902954166,-0.0922896642420394,-0.2930286870297
"273",0.0467462618644214,1.85166443272096,-0.0373432364586841,-0.709731336397992
"274",0.661943188554339,1.21632259751121,0.417086714033799,1.58611048265448
"275",-0.589067855323361,0.119629123431278,-1.34685258821428,-0.526596907988818
"276",-2.23734207973252,-0.187052747397158,-0.872602484583832,0.416548490344449
"277",0.0702929527926685,0.823531071348962,-1.8919404103591,-0.0448612072104674
"278",0.88147549108589,1.05017342107129,-0.299526442731599,-1.69875088607169
"279",-0.560820424147323,-0.111189482535148,-0.117854079033801,0.189291038771126
"280",-0.0166663626520588,0.750720144906543,0.767209514976051,-0.777602974937605
"281",-0.602324350064636,0.837900562877492,-0.27999681443797,0.0607350044020258
"282",-0.219805113477524,0.0694007758431834,0.135645424123642,-0.359031473683851
"283",0.117045399134403,0.675386238291959,0.272063134827598,-0.535497312164478
"284",-0.662598329547939,1.09026001442319,0.636769723489905,-1.72775443626247
"285",-0.186102070046745,-0.316474729606971,0.319255008104629,-0.806315900568184
"286",-1.05909240771692,0.431373267920768,-0.742833042474537,2.13035378113913
"287",0.108293952772891,-0.311982136438608,0.13145459887651,0.357888567721446
"288",0.0809710703379692,1.04249889363123,0.827793631162726,-1.28391772914037
"289",0.647765992014565,-0.581929037683523,-0.39572505050598,0.878490273820609
"290",-0.509580362797079,-1.85605419096006,1.90098572221101,-0.196159496817546
"291",-0.762275583985589,0.0485824745649585,-0.0991077989940306,-0.457901837591905
"292",0.198890174431996,0.270466353048711,0.865881725300962,1.66744615238544
"293",0.875238455367269,1.02822484922467,-0.762075557225493,0.506144342819105
"294",1.50358544685115,2.02185230492912,0.319249697897854,0.132627681383406
"295",-1.7871828406763,-0.118541556631746,-1.60106114546185,0.107835192532427
"296",1.29361297100964,0.815768960260493,-2.40470003101909,0.792674477959231
"297",0.557367986818185,-0.101853667397011,-0.611112734361311,-0.328772343506185
"298",0.478080156657542,0.889909600946297,-2.45978192872377,1.41733318078764
"299",-0.285192492692699,0.954250025751391,0.864742400593893,1.60132704533771
"300",-0.746272967570822,-0.461736143943164,0.144209274871821,0.108293303786666
"301",-1.71360806977356,-0.646300415366041,-1.68947029983624,-0.663183815504863
"302",2.27192463187504,0.452322540201293,0.00883818923433291,0.60664343328381
"303",0.158906053075893,-1.76396290198203,1.2739939619894,0.832646082332293
"304",0.863721655568595,-1.21053867810313,2.07612724545356,-0.950035647970087
"305",2.26269504244803,-1.42823270533591,-2.51691118652853,-1.39220108171545
"306",-0.88044744133296,-1.12966886357,-0.78872543923323,1.10268790517799
"307",-0.727410832782783,-1.43781038351875,1.37572955236985,1.03580625931488
"308",0.956704360762409,0.375808503407914,0.503019629460846,-0.0886376620969823
"309",-0.222727256129288,1.02184677108347,0.439526027129737,0.984850570837291
"310",0.143788607330287,0.0256163404979732,-0.192881416149238,-1.73824555689049
"311",-0.98587939001165,0.476394609246153,-0.674658386943077,-0.251964393968221
"312",0.201272117955901,0.205075676191311,0.221911446320875,0.119316348579364
"313",-0.550800592622364,-1.52463503551954,-1.1659401718857,-0.113587560570677
"314",-2.16424229564228,0.379535447369738,0.256074739525908,-0.440639625326782
"315",-1.17890147395725,1.00055374757325,-0.117144961369261,-0.190942486702747
"316",-0.44678558846909,-2.90740368646336,-0.144160055065674,-0.277675668032383
"317",1.38071815979861,0.431983486130148,1.13452978423034,-0.611190109188806
"318",1.531296823322,0.10333964733374,1.24601144719785,0.337331799556708
"319",1.58255120097106,-0.671658284649449,0.863652266395825,0.891462901240101
"320",-1.72532091290505,-1.2036406553047,0.366849867401357,-0.372239631436217
"321",-1.59633464883573,-0.461726487853199,-1.30578561378605,0.549929752786327
"322",0.495978368571063,-0.213403247679324,0.390265413162331,1.38649339058529
"323",0.0367238188020041,0.201690233802971,-0.66624937239399,0.0104598703615238
"324",0.256666574838121,-0.29915102806689,0.218815788876622,0.705471199100349
"325",-0.902006252316868,1.22980937105463,1.0928065413617,0.00618882963351277
"326",0.316018711825217,1.10296590534297,-2.39306345704204,-0.906552408592126
"327",0.375010219647939,-1.06665264445258,1.19991107607515,-0.615429592831722
"328",-0.733591398962955,-1.10225806872841,-0.641220563864532,0.643725498038716
"329",0.0405606081857638,-0.344964856230807,0.805987865637062,-0.429023678869224
"330",-1.21504117727723,-1.01529968156548,-1.20911827276544,-0.0814472064006992
"331",-2.07365814593427,0.57703807644566,1.52934405635218,0.778928717391507
"332",0.188854376559414,-0.942084935976988,-0.0397065574506087,-0.231962566236425
"333",0.555108071412823,-0.30392199997294,0.311694249411445,-0.179052833438855
"334",-1.22902883868697,0.84242882591041,-0.171596552127036,-1.08452626460431
"335",1.24949273659643,-0.168013973149877,-1.02268525016736,-1.11546275325785
"336",0.7693469317962,1.48706873515798,0.879378702848914,0.218386793459795
"337",0.337160557676435,0.0597415546885634,0.633686060723182,-0.196600522120569
"338",-0.0239475631379361,-1.12022630710834,0.563877816970438,-0.673992082720405
"339",-2.51751125894022,-1.91496295891618,0.912634489044786,0.917244030350098
"340",-0.841661828187638,-0.595773987565591,-0.349287518550581,-1.50885177710902
"341",-1.16957835098221,-0.859683210752557,-0.249238391839202,0.0351264215740641
"342",0.623241023300835,1.45804842539189,-2.10698921515951,0.0483401084288247
"343",-0.278682222177917,-1.00793936186004,2.29877341230036,-0.271178268996765
"344",-0.602335769640211,-0.223952534708213,-1.67842483884055,-0.0393857292781083
"345",0.0384794613254138,-1.51322922251174,-0.66645865731149,2.08295654709915
"346",-1.65707683704873,0.932709241564872,-0.759175184499136,0.0349450098200973
"347",1.74000222672015,0.462228430238072,0.271034441598197,0.387858581284241
"348",-0.407234315430203,0.764515581783503,1.3716797890941,-0.734482297614432
"349",1.31549730860826,0.995623861169511,1.0914727731655,0.872960311193732
"350",0.988143171887639,1.01080167931486,0.416554695347099,-0.427035733998673
"351",0.0701222170248478,1.3458247631119,2.24972959010146,0.0401298993793559
"352",0.492852387819836,-0.123211796647286,-1.00831021131259,-0.0819821650789052
"353",-1.4772447313426,0.0987570073816024,-1.85624618844292,1.90097361961191
"354",-1.31549888278645,-0.769848415010964,-1.94307144277784,2.47487230005068
"355",1.24062296425669,-1.07163828552675,0.859890986926234,-0.5735930241841
"356",-1.53092554761815,0.397282346942189,-0.416149835908619,2.18773913454802
"357",-0.935144490173099,1.57976921029579,-0.782002588948102,-0.40662807304124
"358",-1.23259784118525,-0.808009959632672,0.520505104624382,1.11651644555493
"359",-1.00601370403535,-0.336256461947355,0.41417077343048,0.107021089604207
"360",-2.63074666120113,-0.650073131156249,-1.06719399986954,0.763479207860076
"361",-0.782742128033501,-0.0770816345073374,-1.0644144286245,-2.654316516619
"362",-0.901307475414197,-0.971642915929275,-1.60559145021495,-0.768111726483576
"363",0.365234757683127,1.04882912296281,-1.33256095382329,1.63738906572664
"364",-0.870047379632889,0.311705932425685,-0.554159205817136,-1.26277750217434
"365",0.92545288230463,0.0262409533856607,-0.414429779525842,-1.5238322460996
"366",-0.390920760974823,-0.333757346175633,1.78770897096602,0.23181911753795
"367",0.643700245549566,-0.428927434894573,-0.146646174088407,0.309733072366062
"368",0.434129140972852,-0.419451013794847,-0.960959420655336,0.205913153249223
"369",0.0889537639297122,-0.0662104131646817,0.0146154924340788,0.620282803336065
"370",1.75937702153342,1.50612917270379,-0.287217385401484,-1.01750581940029
"371",-0.292451922090576,1.55718457977717,-0.630345358963122,-1.38040818387934
"372",1.06348378800297,0.958712478151268,-1.5208898321062,0.049786538157607
"373",-0.04176398344956,-0.174903066505221,-0.218860478699653,0.751771243700386
"374",0.850744090919542,-1.16581066658295,0.0414242114061125,-0.725531133721136
"375",0.340714274117857,0.57668122255375,-1.21488558665864,0.955013666978111
"376",-2.95158333086536,1.66627679702969,0.323479751319581,1.48899724122281
"377",1.57095689233129,-0.217927363047682,0.346524017359589,-0.658873623713094
"378",-1.11174404128882,0.229276857315875,-0.93048431478325,-0.550059851537756
"379",-0.983389632489354,1.32108832809298,-0.812268319565544,0.724481390809348
"380",-1.1862114130082,1.19385092252858,0.520052575971371,-0.977404763501873
"381",0.337926110286699,0.490741196540059,-0.490514317871283,0.501165011584512
"382",-0.442078458411448,-0.744213912627857,1.02266041836572,1.84826878748063
"383",0.22337330422275,-1.14729704612845,-0.709341870020839,0.0286698127159945
"384",-0.698404751019634,-0.784128691050844,0.613339005148977,0.236106187152921
"385",1.28955219369964,-0.302508648818056,-0.802814735152775,1.04569120154653
"386",0.639716676242257,-1.11696894400734,0.208956626921675,-1.80588851405704
"387",0.195143539109859,-1.74205800643207,0.295221000731895,-0.257910394169194
"388",-0.511835324120181,-1.32920471504374,-0.813830284246017,-0.679861089528123
"389",-0.0432811890869236,-2.02007062915617,-0.880044161458588,2.11768005291409
"390",-1.43017993341237,0.615589422956544,0.19386041984572,0.479806607668412
"391",-0.20120132697232,0.698752035433066,1.23238654854676,1.20299792233787
"392",0.451153347503855,-0.0145923457561645,0.0244634015466707,1.01285067800266
"393",1.88603316820808,1.52180146169141,2.17009895346071,0.0627320627780797
"394",-1.61690384766923,-1.19540017132869,-0.894126573254028,-2.94269221254447
"395",-0.99197488687004,-0.760396741804652,-2.41288018755896,-1.07734226210546
"396",0.0949653095557891,-1.45362388813629,1.61801484568663,-1.13736661947747
"397",0.777644873615171,-0.345322215052148,0.863664959834079,-0.428208991195646
"398",1.05494148461321,0.542475726574451,1.35391119717341,-2.22281206491976
"399",-0.38749280032535,1.03479776635457,-0.218305395753456,-0.918940777397244
"400",-1.30287379514734,-1.25780781029574,-0.433060453323255,0.129785347524654
"401",-0.334544009907718,0.619074958426271,0.423451528347246,-0.758277686825898
"402",-0.0598637195979181,0.72326211739122,1.29807139486363,-1.63819151060928
"403",2.10757140916756,-0.0907885409157586,-0.808161113426162,0.778114974906075
"404",-0.281945449807721,-1.91089320072802,0.452761620215155,-0.690669665483457
"405",-0.275290215745733,-0.783849809255404,-0.420461234271276,0.596525385598976
"406",-0.700329083077472,0.517531125176757,0.713989908077492,2.53160892690431
"407",-0.416847272045842,-0.971760411201146,0.0791286884619219,1.40943482891573
"408",-0.817308694804713,0.254542819068067,1.73443528617405,-0.0117851761257822
"409",-0.715885661846398,1.26900365247102,-0.469886075438308,0.465050179684611
"410",0.262461292335861,0.098380646223753,1.10330968455782,-1.40964516428106
"411",1.16801036317855,1.15242276425593,-0.872789074328495,1.67320802575312
"412",-1.08583242992843,2.22418771986145,0.25066726520666,-2.01742505540585
"413",0.485632612322986,-0.150878398502963,-0.0115809643099791,0.145925432218673
"414",-2.33813667426655,0.33247589905031,-1.49218922456199,0.693638223938449
"415",0.244633733893788,-0.895026669043267,0.20145511920691,-1.31279678215282
"416",-1.26190455324335,0.149457555517446,0.670715702640214,1.66764982725592
"417",-2.13080294876181,-1.01539359473058,-0.282237724313845,-2.12797025024417
"418",0.728314453039359,-0.80173269250052,0.267008152343768,1.9269826542933
"419",-1.08192857807101,1.40550201159558,-1.89081774006461,-0.877533760727249
"420",-1.95791700601831,0.313300086553706,-0.799853886840513,-0.38882455207271
"421",-0.384394682029207,1.36572710057491,0.430575905902737,0.231491827408897
"422",0.535701675896122,0.673574820322501,-0.267058794101488,0.322337257282827
"423",0.938026926723915,-0.240418438104984,0.800384158710888,-1.02621543245117
"424",0.330653575057978,1.36908465078716,0.21266468618673,0.52024261459786
"425",1.8603617749015,3.05854667953919,-1.93586471329705,-2.27565783113592
"426",-0.101261416627708,-0.86754922304165,1.40098694745255,-0.515049099470711
"427",0.469476901991863,-0.451609965856909,-0.226469446142455,1.06297760489105
"428",-0.0663906751265198,-0.188871263787113,-1.07250694458996,-1.09886991867246
"429",-0.132166672393161,-0.445641363321444,1.2714180394127,-0.421117273752852
"430",-0.0949857057903359,-0.573767093940094,-1.03604726348799,-0.948051250177165
"431",-0.0898130453766951,0.716804854412059,0.921650733675155,-0.327428222080232
"432",-1.48563658206008,0.482889393010868,-0.182237564620355,-0.0576586034610035
"433",-0.0925512918427765,-0.949489505260835,-0.553990535659817,-0.483982937267604
"434",-0.122477246841159,-0.211868631651257,-0.78597685712015,0.59896754698438
"435",-0.820585274385883,0.364402017497276,-0.462197256005629,1.00290110582673
"436",-1.01942637399429,2.41601473350207,-1.35985237267567,0.149144745925993
"437",1.72534014672258,-1.37520260110902,0.198885832528247,-0.185839406826885
"438",-0.161789038558913,0.319456285584762,-0.00990617072100893,-0.0920944709969372
"439",-1.22899925446606,1.02781419881775,1.84910381747656,-0.359838815756866
"440",-1.20277993205387,2.64894742821866,0.285835508540944,0.496064103612179
"441",0.230246904714582,0.23498483283167,0.0128928561851943,-1.22696952100038
"442",0.0953994521106092,0.241636548469789,0.211318218299175,1.24135557641384
"443",-1.02750794830352,1.1702893116105,-0.411606623302709,1.76985103185402
"444",0.285060111393964,0.158785240869421,0.57520806261999,-1.15012295420653
"445",-0.470878870293027,0.0491285066581033,-0.366670787798575,0.0153995282421928
"446",0.585493953855019,-1.01528818866285,0.972179442544502,-0.842925029916897
"447",-0.263139045112581,-0.319613730877857,1.34556962920947,1.15703538928806
"448",1.30170678208762,-0.804047092783,0.244309234216251,-1.67335333742741
"449",0.803826426035502,-1.93509887805494,1.10815236335081,-0.165161583163163
"450",-1.15392981159295,-0.366448916184297,-0.270027239738495,-0.72063638275795
"451",2.01093734319891,-1.36376035574516,-0.621105496293156,0.554488144633053
"452",-0.808162646319552,-2.5761625359597,0.230497824575366,1.22089004775912
"453",0.290654928505332,-1.9161493998367,-1.65845174829848,-0.997088110728485
"454",-0.339719804918416,-0.723076275211552,1.76185732441589,-0.462962687966391
"455",1.35997020174046,-1.48276078084528,-0.157660709291282,-1.91215469921401
"456",-0.17519729562822,-0.446309929102905,1.59177492327032,-1.14363489117658
"457",-1.77592127652947,0.504212912625993,1.0290012784782,0.725664800202855
"458",1.14526332633743,-0.599266452518262,0.662457253746231,0.468017773480216
"459",0.520299752407981,-0.143612662125483,-1.62292195904414,-1.17127322350884
"460",0.789173950190957,0.462363301322275,0.956805456145045,-0.604456549624567
"461",2.25561750526696,-1.49355431615823,1.6889930124303,-0.997123108570369
"462",-0.54474606753883,-0.211751282032001,0.50977577527728,1.32365437197884
"463",0.043097295084683,0.349533673250676,-0.297279311900935,0.763822248146342
"464",-1.36067170511907,-0.633104383780818,0.440661605018517,-0.852663662289915
"465",0.492660429911283,-1.26891781633779,-1.19703040367543,-0.51209354681538
"466",-0.876475155668663,0.287291140953771,-1.1893230030274,2.84620914951104
"467",0.692170437254146,1.00306174172687,0.0597658274486995,-0.862947577692679
"468",0.690934929235561,0.509587583266861,-1.2500729892061,-1.81140385651672
"469",1.22656233929288,1.2642381071085,-0.379243326167983,-1.47997884288487
"470",0.215637411499401,-2.9209090075769,-1.13601465433612,-2.41956866112798
"471",-0.48393085843124,2.28055150650877,0.411867827688606,-0.667012643238991
"472",-0.471668444058266,0.72982846732631,0.399653166619793,-0.728320164551595
"473",-0.628311411567524,0.444031762531818,-0.160799818790067,0.642775156351376
"474",0.459816290664812,0.589651261854369,-0.206881691338956,-0.550208124921189
"475",-0.0488616144879998,0.169518074118167,-0.466365334727391,-1.34011741000594
"476",0.308520998129031,-2.69998607516833,1.69297425527207,1.17664728611503
"477",0.811680251779173,0.361745270891165,-0.958306964298484,0.906327688977308
"478",1.76397211022453,0.698774830652626,1.00493110602437,-0.200047538529457
"479",1.41305254512015,-0.308859788957643,-0.798739718296161,-0.5830985943736
"480",-1.17540707991536,2.54043293941052,-0.734511851862733,0.945927754135103
"481",0.599991862008734,0.810396748072952,0.620932073591228,1.05967311764305
"482",1.54048429301587,-0.0779540588313315,1.43282917124091,0.645209444610957
"483",0.216950334993635,-0.790844191720478,0.619966758337858,1.19507857739842
"484",0.961936975321084,-1.11215241876581,2.05141014887133,-0.126540720704355
"485",0.112595043517576,-0.127484669440114,-1.04700179754563,-1.43088051070897
"486",-0.0255232117727997,0.226074938362183,0.189115002617559,1.00098617502113
"487",0.615935442062448,2.57933920825113,-0.132987187703432,-0.227387398136694
"488",-0.214487058268712,-1.57021307645756,1.25844723783204,-0.278355754740737
"489",-0.0778544623450988,-1.39230961989987,-0.266344726639955,-1.89513840282864
"490",-0.275527725371479,1.40102213510606,1.32610320848972,-1.28577717985095
"491",-0.961631243444927,1.65168378597047,0.771239379979669,0.448140916666494
"492",-0.154191780030871,0.0446110504010385,-1.02354744430423,-0.668453548070639
"493",-1.27014630925068,-0.137603417275124,-0.0191811305093281,-0.0777146728743585
"494",0.0477289730993061,-0.573797767267432,0.674903929753406,-1.05643843979346
"495",-0.651337488905015,0.399135274402851,0.405740815482245,-1.76020915537766
"496",2.04415199173352,-1.65860441871726,-0.463212809139423,2.05272773972196
"497",0.377753279326983,-0.221136292147485,-0.975020469796377,-0.0531364642852785
"498",0.168319651263079,-1.37169383329448,-1.01768408113881,-0.893788854311059
"499",0.179672339544977,-0.350755571188199,0.0862589399944974,-0.314023404871124
"500",-0.280819226341731,-0.123478341554224,-0.164893083090301,-1.39657690571288
"501",-0.0330480970688585,-0.513682365825295,2.13890739763635,0.217381234864266
"502",0.306589231557546,1.10309158447014,0.131169473647892,1.40998097593313
"503",0.208018819006289,-0.160769366908256,-1.11051761277731,0.238997278837058
"504",-0.232003135483531,-0.0430133550560948,0.781738351430555,0.280707222232769
"505",1.0959384420522,0.50852237115168,0.614399784741715,-0.368338548734085
"506",2.30779200884772,-0.441423092631521,-0.567418200364125,0.540718035042139
"507",0.4628159298853,1.57990641590472,1.19668669254309,-0.823832463723306
"508",-0.234090335647891,-2.03779802575466,0.858116594758359,0.413784850135856
"509",-1.10620089745525,0.338314972178305,0.477239499781747,-1.04661114776344
"510",2.5252384035937,0.633276557693801,0.702723692031893,0.565930603947841
"511",-0.954700300338307,0.729065236566395,-1.63139907986353,0.356207834877034
"512",0.915591656373977,-0.944104861588512,-0.844609889980938,1.44311403642772
"513",-1.70195689287042,-0.950812775911934,-0.472122518785359,0.315188341192854
"514",-2.65905948265089,-0.362807924983661,-0.194779851110181,0.241544383166609
"515",-1.83113737163093,0.274481137786727,-2.1818369467122,0.173143653393097
"516",1.55834432171653,2.12904848953298,-0.274692349084573,0.646965908970159
"517",0.306564281234969,0.811019044146553,2.17592229231741,-0.597289668865445
"518",-1.37016834081416,-2.48333557806526,-1.28238371981899,-1.93576462452036
"519",-0.408042254892293,0.0846767686009421,1.47459770258609,-0.688252344340231
"520",-0.738660687468744,1.36006434805169,-0.499673931670473,-0.598125593171853
"521",-0.294785428633652,-0.0447286994165616,0.412647951950816,0.530798371802656
"522",0.435313744923594,0.41266430930745,-1.30740498978093,0.087173745380188
"523",-1.14919914558465,0.00986992420536319,-0.0217599676542622,-0.438269500126274
"524",1.09585162611928,-2.32220341911007,-0.0113209226157151,-1.19523113585835
"525",1.39728011918357,-0.157435081279532,-0.623207651574478,0.0682500176374279
"526",0.270524422306266,0.893106697781267,0.720041540378988,-0.630871689792088
"527",1.26821436950386,1.23530513833616,0.00547694800506261,0.278940317565959
"528",0.466267566851318,-0.365422293996946,1.67218544509415,0.966784989570567
"529",-0.671187509365759,1.78322748310414,0.231360954051222,-1.42327011097241
"530",-0.306528880990611,-0.302955503633246,0.590690441958585,-2.05878158089667
"531",0.475901888875853,-0.212603818908779,0.701421900280971,1.56417492656278
"532",0.512401615672004,0.640000052531334,-0.586149592486646,1.13890164689155
"533",0.543229551778308,-1.17338520737644,-0.348037762506752,1.09146360485974
"534",0.994176209570485,0.135247824300478,-0.421134007902695,-0.971603272691904
"535",0.680989159543817,1.05442021543374,1.79184694676815,-0.405777533256224
"536",0.118931789899841,-0.299979826041388,0.528528953614405,1.55896243554066
"537",0.815404497023233,1.25496657140261,0.598075414630555,-0.388925253875197
"538",0.332952260429443,-1.79718250558238,0.107251591497936,-1.08052779471073
"539",-0.198509797260727,-0.493228380966119,0.320912145337599,-1.2729952063359
"540",1.52545073851943,-0.865431823737071,1.51336293600569,-0.603494531613292
"541",-1.26741505147647,-0.0578815907356142,0.0154483957450229,-1.58665818247888
"542",-0.188473940146292,-2.42694999911474,-0.259719931042694,2.06271059650766
"543",-1.87116860029823,1.00328036156651,-2.02940728260977,0.464407445498024
"544",-2.23454222888982,-1.73209222557916,0.812619233959322,0.779292582259787
"545",-0.322276336972073,-1.31310921667703,-0.548430033485577,0.235395498804102
"546",-0.0512696142935667,0.00303548308621971,-0.485915286004247,1.88786228365151
"547",0.274848048478731,-0.0832088219185295,-0.70771977495223,-1.06934366446035
"548",-1.15172461858759,0.766692723525787,1.30626212268804,-0.0372406234142503
"549",1.19228096494552,2.05293379625214,-2.05933798974766,0.226066331336452
"550",0.0818719606338262,0.52422539935983,0.102578845386819,2.06141575639863
"551",1.15193716016468,0.306126846562556,1.22690160223434,0.367673564253872
"552",-0.584843234944151,0.496731927625621,-0.948121560892145,-0.367354567468198
"553",0.167983570526301,0.251297806255975,-0.282353026336697,0.485507885151953
"554",-0.348422731193002,0.445638959118454,0.890892379313264,0.761000371660595
"555",0.124344709611198,-0.754031073786158,-0.864507585955989,0.503575072160564
"556",0.779303162590867,0.492565146888013,1.28782561612218,0.105516183855663
"557",-0.373668421882263,-0.0682967292650036,2.91404427333579,-1.2490843078832
"558",-2.70957828747648,0.442761523063153,0.127798947054983,0.439404021810435
"559",-0.693431135242062,0.783138544957019,1.38789811331436,-0.73906279994765
"560",2.06905473179023,1.1925341407368,0.609612831262131,2.51550766741347
"561",0.71942923038805,-1.01392910083546,-0.784665978589507,0.61168500653136
"562",1.17356489120491,0.71321609221184,-0.504970728224978,1.31002860769505
"563",0.522755725476014,-1.38715403955563,0.402943983081856,-0.163859260897635
"564",1.13594978379398,1.52100826546388,0.143801657130178,0.138509437094287
"565",0.463108554080741,0.723182917864692,0.574561565578478,-1.77693528320674
"566",0.461379338687743,1.29390130088473,-0.144004393925491,0.523169814467126
"567",-1.05791018817154,0.556181954288414,-1.93745644200839,-1.04025515394731
"568",0.383830000208062,-1.53674902607834,0.896029637328379,1.04129092304794
"569",1.31411807118175,-0.00509696561669433,-0.713317075721272,0.910082955500784
"570",1.3519331388208,-1.05700869787426,-0.643402570812907,-0.377858488500893
"571",0.709979351482928,-1.46727290921571,0.803251332272953,-0.43825887522617
"572",-0.132340526168152,0.362813436767466,0.901950881956332,-0.412827130393872
"573",0.367705512605042,-0.915251829291423,-0.280011227454418,-1.83990955277533
"574",-1.98736571269547,-0.85409454722614,0.120424992890763,0.179914867607554
"575",-0.734428352709798,0.275826395941731,-0.332253764709713,-2.1206344325968
"576",-0.0616495860922376,-0.52037358441953,-2.12919924452424,1.66120730788773
"577",-1.10231372672766,2.18711792425353,-1.41470603726301,-1.22912649909305
"578",0.588113441532904,2.54004870978637,-1.40649278747758,0.839272910384317
"579",-0.86259478570305,0.631613840565222,-0.268216654692304,0.412233077011227
"580",1.37340454880094,-0.935021316535153,1.41879915751329,1.70801157138035
"581",-1.7238405503385,1.36115888797163,-0.369306453599551,-0.0390586989535512
"582",1.35556479960916,1.34069583229448,0.270031852657286,0.880290946374665
"583",1.38295121432919,1.52998241124974,-0.643234726341857,-0.131370563865167
"584",0.0143658249558535,0.316204882003408,-0.352186190049733,-1.14518737015594
"585",0.821156834678671,-2.27234640638022,-2.27861236272752,-0.180587444092793
"586",0.404747940115392,0.34243520455441,0.383523956320097,-0.683184094752752
"587",2.1462762338347,-0.540917846600249,-0.859363148653053,-0.484516507426041
"588",2.13641207303391,0.772313147830555,-1.04595535949601,0.65842501406815
"589",-0.935638535968841,1.38949281606067,0.882743553328868,-0.680842761086384
"590",-1.14623812919768,-0.242054556226133,2.15434399817797,0.605812860597553
"591",-1.04012157208747,-1.18007329501579,0.881278456504576,1.11264573826985
"592",-0.619935531133356,1.39154085749033,0.193233462290373,-2.20310796970484
"593",0.419439038957682,-2.0075601555731,0.972675113722251,-0.167714220503928
"594",0.449539203930982,-0.680736816862325,0.735003494629139,-1.96889924343753
"595",-0.368795219004346,2.56644100820692,-0.707281750751669,-2.72820698523607
"596",0.512107796343875,1.18687284320164,-0.892431956485232,0.130923619633785
"597",-0.190431596448879,-0.795323349399634,-1.07894328279721,-0.111880242041454
"598",0.238836832227829,-0.810737225591571,0.160289575199691,0.940801144902642
"599",0.770597796786488,0.923055614244491,1.1732848963379,-1.60180558848374
"600",1.22868286648471,1.11893609761397,1.72498761340462,-0.28845572552324
"601",-0.0513778603791003,-1.52211153479467,0.693607284162638,1.00225387101415
"602",1.49199385732791,1.34002649449206,-0.746918144286162,-0.478633425933699
"603",-0.920560940918512,-1.03341086699613,-0.709591182961168,0.0655966573597554
"604",0.230109459294544,-0.915998182978449,-0.78104077385924,1.48836090731251
"605",-1.19819865028962,-0.858836817934687,0.105285497865379,0.710005650754246
"606",0.0787328469995825,-1.16590039283796,-2.48669727905599,0.158587266807395
"607",0.179832169745384,-0.481207752594409,-0.862522583511401,0.754553580400467
"608",-1.66723092807495,1.11262582110285,0.589042648680288,0.425597366282702
"609",1.11788300824442,0.900805669477451,0.740168817816624,-0.723008168520276
"610",1.72564643990099,0.197883337597504,0.58712000662962,-0.673223179165674
"611",0.948418687607275,0.936231502474773,1.49907822732656,-1.64153485833761
"612",0.280129673007535,0.553395687767829,-1.46490381806686,2.74357134682467
"613",0.279421316245729,0.371740336391078,-1.30777508333095,-2.20600471177306
"614",-0.158269786612446,1.81677049226292,0.22988332476233,1.10679801549246
"615",-1.51275615515151,-0.888968649449276,0.968854920026317,-0.273016702943935
"616",-0.27705676951531,0.354651276175117,-1.47525952543143,-0.687218821090602
"617",-0.938449137762469,1.41747846109931,0.426758101293277,0.716149753954654
"618",1.46505211438887,-0.859367411504551,0.947237757356952,1.87292031127316
"619",-1.67590297321083,0.756643484706876,1.39677128267738,-0.373637309349438
"620",0.458412252356774,-0.672172482985977,0.65571750331094,-0.888345551053815
"621",-0.418552077604752,-1.24188087749142,0.0784103519143404,-2.79198340413041
"622",0.245556480699216,-0.542114804316268,-0.669226294271709,1.7953617104145
"623",-0.197291126196116,0.052958676470072,-0.833525649467709,0.325845711487892
"624",-0.900090682645761,-0.642233786262188,-0.364325418264688,0.362753687292748
"625",1.65369495172233,0.541647095602603,-0.404669412281133,-0.479870878643077
"626",1.38394965177662,-2.39969868018249,-2.06706089714551,-0.497549463676282
"627",0.284339177872975,0.177253364022424,1.86075448827874,-0.0520393042086875
"628",0.751958233826037,-1.72824624180341,0.0973989217422381,-0.335334535713702
"629",0.104704595183573,-0.958271241317709,-0.371198105215875,0.458704911698601
"630",-0.27386373546929,-0.103277224222009,1.12901923701734,-0.343314917711849
"631",-1.59129529033162,2.35127657929215,-0.997998854918442,-0.690476421033382
"632",1.38574756386985,-1.17067009087586,1.56635123600651,0.805685576407453
"633",-0.840506478708327,-0.482505462644306,-0.40096232718469,-1.61874996881752
"634",0.596596144257278,-0.258883219084767,-1.70571276100679,0.261465297859567
"635",-0.965129225711781,0.835514128220463,1.68016065213623,-0.233393663675313
"636",-1.12394033331447,-0.305562479115304,2.82921988159992,-0.0832248057459383
"637",1.41332846330709,-0.913467280306402,-0.262333561507109,1.05326545124935
"638",1.55748298826149,-0.627869758568136,-0.258081275158203,0.288571887457092
"639",0.934216258883835,-0.814992136584313,-1.30360985361827,-0.616136617967969
"640",-2.32713331693627,-2.17854624888397,-0.692999271651958,-1.23496177069486
"641",-0.535880692343854,1.25913311492788,2.51031357687172,0.757800045845173
"642",-0.254322903750497,0.285766105195518,-0.772622276582997,-0.767260555818628
"643",0.314521141524371,-0.0155527762403678,0.644581725996728,-0.725059895189046
"644",0.703350260410274,-0.197487126155656,-0.430362479378014,0.876201246631054
"645",-0.331932504662219,0.864729740088257,0.779117807397349,0.28412362669946
"646",1.14101266349197,-0.705402613144391,0.416299790267997,0.0314202835383454
"647",-1.08776792806926,-0.408960145375396,1.20172445436408,-0.349154643004719
"648",0.422032788806663,0.372886226774096,-1.03662813672739,0.49679312449192
"649",-1.47719670159496,-0.631263970252719,1.61223375208033,-2.07027563288725
"650",-0.331368566218772,0.497068579689464,-0.16837942650876,-1.95741269879853
"651",-0.489883421149789,-1.22391061490862,-0.619048275412523,-1.14583461811378
"652",-0.48047308108439,2.00056803814401,-1.48122159030718,-1.33417172420479
"653",0.218992321914808,1.18426800293114,-0.263993357349636,-0.708954574809165
"654",0.0701599033526879,-0.0578598363000169,2.33934857824072,-3.11620921875304
"655",0.234827693960777,-0.720088618203837,-0.0760940004852825,0.339460843694046
"656",-1.13004589410309,0.019802857579252,0.0603573739105836,-0.393045880160555
"657",-0.496439762714794,0.55466020153005,-0.673363647013928,1.45373665096457
"658",0.326627815191822,-1.04420871327696,1.04326986332187,1.66660873805238
"659",-0.580361862277421,0.355388811749458,0.649600019842815,0.859857157321738
"660",-0.170020535292939,-0.183869968657531,-0.208589891711917,1.03574729462212
"661",-0.051944011826063,-0.833094811443312,1.7456267147247,0.69590363198261
"662",2.06678237358321,0.366037707917139,0.0811989626045388,0.443134725919261
"663",1.37115018379337,-0.060189391264688,1.35341073143357,0.134358929953339
"664",1.15559391974581,-1.14741443487185,-0.510838647377296,2.10718142109841
"665",-0.0108241475236048,-0.517351017327934,2.04686552789185,0.970723942132608
"666",0.552194292768595,0.746891524599834,-0.795504529855623,0.522367270347688
"667",-0.529632614789431,-0.449051690997298,-0.66753646998947,0.0125420227124859
"668",-0.402349659276051,-0.557345634463523,0.032838204523722,0.386296917040616
"669",0.579557528922849,-0.489898384247845,-0.836411444923224,0.75415485956344
"670",-0.421807838760458,1.87726937558243,-0.339606173581022,0.744695301570946
"671",-0.0268655061888315,-0.384016252830891,-0.588176621020781,-1.46168404631824
"672",0.796633153809609,1.12295374031929,-1.04152826362332,0.75186059969256
"673",0.0941638379560017,0.522122174318045,0.454571065398667,0.650911578513281
"674",-1.2655220682069,1.68602843823051,0.482082773179098,1.72766749686921
"675",0.752198847805815,0.360698041237055,-0.845571001771917,0.0722168325472967
"676",-1.27715895817075,-0.510305695244859,-0.120461107756804,-1.48497226828822
"677",1.44056107588654,0.248640552403821,0.521468405662914,-1.14221675959558
"678",-0.12185162874066,0.410965629758148,0.289005116371377,0.807308895401036
"679",1.45716860739483,0.718722579018849,0.229688098734877,-0.0208770263747527
"680",-0.610579559346364,-0.319347882678915,1.01932783168677,1.1878148552495
"681",0.926311421206134,-0.817623052009621,-0.410355316774374,-0.249632041519986
"682",0.649365162898363,0.167132205645622,-1.83122033988039,-0.370328976215445
"683",-0.712257106514254,1.85672931984079,0.982695715016635,-0.906788163267033
"684",0.231588267915266,0.500218026144032,0.411198334034541,1.03374903418381
"685",-1.5345121046398,0.427892545505747,-1.14975974903217,-0.197874078825978
"686",-1.59741626504857,2.37422822715002,0.613081714843127,0.506838957371118
"687",0.772006378494783,1.27817446169911,0.779091295172598,-0.160371256689547
"688",-0.26518416101598,0.838799827746445,-1.09675694502482,-0.493830828525034
"689",-0.334255865259665,1.60922788354313,-1.11927393212385,-0.618020333701815
"690",-0.405461878794456,-0.221054529491633,-0.996124016014315,1.01473947236089
"691",-0.451595917253375,0.0499620972907503,-0.899772258747268,1.10226467422689
"692",0.61453308910892,0.664976693229329,-0.219825777959988,-0.44428960364166
"693",0.0843034429150234,0.684785850397287,0.870731276032615,-0.877683977606348
"694",-0.866512691081884,0.657388708530702,0.297117653057759,-2.45890733650941
"695",-0.600145445362402,-1.31242301235436,-1.61358159239307,1.39381005290528
"696",0.554242614184312,1.39306481970835,-1.02546304922015,-0.368798632524341
"697",-0.209192029300233,0.623517307658474,0.494630050370219,-0.737542829478432
"698",0.0946014596778046,0.911730638874545,0.384241523015197,-0.177718286286958
"699",-0.878714336820889,-0.404414141099599,1.10840148672311,0.301294531319233
"700",0.442072598277785,1.56013767488811,-1.49714327843683,-0.261020995343536
"701",0.1690800216697,0.163353745679883,1.33737746505552,-0.0283868271080058
"702",-0.897501685357141,1.39825871418153,0.549882711867402,0.842371027487267
"703",0.148394577461196,2.59913602323561,1.65026526585115,2.36306683329437
"704",-0.121671449766857,-0.649103341260608,0.0936790227220749,0.840323262495281
"705",-0.502199440181083,-1.91185973422092,-1.49549285817445,1.0328498653169
"706",-1.75624536239038,0.256664871353741,-0.251584572778128,0.067410562277831
"707",-0.227924082000995,-0.346557037464146,-1.38910087112511,0.280355769890329
"708",1.27874147810406,-1.14390574922346,-0.486934724546399,-1.00224021332203
"709",0.597249957844479,-1.75356696702392,1.18297337390638,0.559299279608146
"710",0.938969140232568,1.11564609108986,-0.293178686359546,-1.08647379808639
"711",0.597020332913549,0.468642905936434,-0.594748153311523,0.259825341829034
"712",0.190657403119311,1.6934778200202,0.409367518033557,-0.514028271432439
"713",-0.158623853421204,-1.64446641450261,-0.110134416877119,0.328721890690819
"714",-0.51487534487532,-0.644457890575373,-0.15589174854405,-0.602758212287037
"715",0.836572397981616,0.734692567536887,-0.9071332831264,0.254557676620898
"716",-1.00827786354775,-0.319191669844379,0.961202448492662,-0.994092463097058
"717",-0.036359850114123,-0.61806527946168,0.135547793462252,0.884701690800486
"718",-0.0696746260162007,0.331122449847085,-0.476093848854412,0.0857745031943659
"719",0.087996932391076,-0.137108085181633,1.45772081594582,-0.80742370042266
"720",-0.727915585767869,1.8770560070856,0.176803187738527,-0.00671852456389329
"721",0.342123382838269,1.11267028563652,0.797091459044066,0.453348082423577
"722",-0.162139048673596,2.3102916845467,-0.368089544419154,0.570656012119512
"723",1.00986375868768,1.30546846924295,-0.458223812342885,1.27350574749341
"724",-1.84111035527452,0.782534163850262,-0.905624584350044,0.828718713023353
"725",-0.869271784281387,-0.438116437771826,-1.38215397731903,0.414497899517285
"726",-1.77578255520643,-2.09871914499093,2.70175772682925,-0.881921037829222
"727",0.535553192603593,1.24777440412588,1.81948591722545,1.1064140356888
"728",2.29465396981988,-1.4258838495295,1.39173406453697,-0.34540789227368
"729",-0.342756983286962,0.176529308776504,-0.94054232524818,-0.596434911735534
"730",0.624490648161771,-0.786755042856827,-1.33154457916335,-0.779710342699182
"731",-0.162806348051817,-1.65957066193454,0.447873147252709,0.492408554966589
"732",-0.844956845380888,-0.827018578520551,0.645773481202242,-1.56829601292451
"733",-0.692588643412137,0.189217500202306,1.35918056082664,-0.527351863851678
"734",-0.724729591298683,0.441853255318287,-0.979855766477813,-0.576104245391297
"735",-0.189458171133688,-1.17651653800477,1.85414836734804,1.12764441771661
"736",0.129197275659103,-0.830160129921019,0.111243858101302,-0.884851327893113
"737",-1.37340358183039,0.890151806019058,0.141827620054913,-1.52060681577748
"738",0.316136268639769,-0.275995200234384,0.522885766056494,0.815019327868078
"739",-0.622140597724357,0.172854605756138,0.873742241582275,1.6599593732063
"740",1.3501111479616,1.47486836330218,-1.01347898425397,-0.700774201527861
"741",0.975850521635584,0.312280719958216,-0.800200398737476,0.426112219169855
"742",-0.161418748163615,0.483899599386444,0.617966784472396,0.138919459981701
"743",0.420532154134186,-0.625451286657307,0.778903986447028,2.714723943589
"744",0.880869658254654,0.417277067501945,-1.41671006067073,0.540003466083988
"745",2.59151653706332,-0.019693601827682,-1.09057370769399,-0.373903866420741
"746",1.28978504512544,0.417718657623658,-0.346792598436086,-1.05496860435402
"747",-0.745442939614632,0.531786656319008,1.17713608096096,-0.0136042589466867
"748",0.883572148141948,0.123429450176398,0.00396906259283224,-0.370044726952803
"749",-1.00795158091067,-0.851063574621845,0.850810044795463,-2.39271726848353
"750",0.497295079217146,-1.31884679751316,-2.29556191489817,-0.153095339524518
"751",-1.02172544473758,-1.02511286542219,1.01922927474641,1.06689278186244
"752",0.84158523579054,1.31719815692049,-0.708576650076047,-0.811105221066155
"753",0.167960843094395,-0.155314956569728,0.857227312456626,0.912405227613716
"754",0.310672642048592,0.528584141874137,1.0804828811604,-0.0205441438570445
"755",0.567090427750237,-0.272210158176426,0.765048839504453,2.47060961427785
"756",1.75985499190623,-0.268430477343143,1.34678438016829,-1.3303901151085
"757",1.70686696256533,-1.81992622278815,-0.901224493332298,-1.6759015216445
"758",-0.696861213517413,-1.0225167495036,0.587823782380692,0.782170575797969
"759",0.073261432310996,0.446941926462756,-0.75704577975316,-1.62664107400902
"760",-0.0648188072949441,-0.454865265052722,-1.20659308173868,-0.00869878674471414
"761",-1.02653489617677,-0.588768778727227,0.218083118764376,-1.99581991721894
"762",-0.543329866586496,0.712937317472559,-1.23354586852687,-0.514361906976915
"763",-0.594217263206543,2.13669286781033,0.721375498646921,0.509680866982706
"764",0.375597264452266,0.783526628867878,0.171991910205362,0.325879101128089
"765",0.470444897068947,0.540049529186776,0.808941946263218,0.668505002905868
"766",1.37586745345111,-0.359190646487882,-0.25570913989505,-1.03210250479456
"767",0.235782422867647,-1.82519677077882,-0.503717929039849,-0.72732280572179
"768",-0.390154948656158,-0.365225724313241,-0.655456954543068,2.20221503192845
"769",-0.792824185093494,0.20461409738901,-0.209832773555629,-0.342468530440882
"770",2.19309872688759,1.58218332612912,0.153466916477823,-0.855526130640676
"771",-1.25968461147553,0.62072662704299,0.21904676622866,-1.61006529772707
"772",-0.673094834512616,-0.860620991542653,1.45551261913305,1.39625547810084
"773",-1.78806655717615,-0.99158165838259,0.726553944310421,0.0536904808493817
"774",-0.194601695495672,-0.0196722669192813,-0.829983312956759,-0.853611940180562
"775",2.67743889123392,1.72450837306352,-0.0295140055350733,1.17238380829045
"776",0.000666119927552011,0.995387319316019,-0.995641868289855,2.06293851747539
"777",-0.148539997655011,-0.659563658801381,0.15265682481379,-1.66689206661665
"778",0.900626507812784,-0.573434384364256,-1.13098222323254,-0.28324167030114
"779",-0.0280215938146857,0.301681402839078,0.134059010108008,1.20279905619925
"780",0.259645703118223,-0.575113788342666,-0.339755127935166,0.68327358990226
"781",1.01747406979764,0.450498745006551,0.655728606733782,0.467755660156279
"782",0.364308316688103,0.717903590285025,0.485786238785927,-1.15195902846364
"783",0.179689823577158,-0.818539372011002,-1.06995828444925,0.544344877582802
"784",-0.233714242433328,-0.0926273011608694,-1.78372101560693,-0.479576170058692
"785",1.65318130823916,0.524363810182772,-0.21869591863417,-0.96501853060913
"786",-1.17078856326701,0.576711331704421,-1.06560496347615,-0.609752873741111
"787",-0.584212332954797,0.717487713786571,0.0948085544300792,-0.782910073116936
"788",-0.274566879962839,-0.772591278465174,0.0164762756504358,-0.224526936923414
"789",0.375149538127619,0.974822029840635,0.632682973229355,-0.144599821064665
"790",0.288557580391006,1.72967247616755,-0.547597393864183,0.591560350406409
"791",-0.893592934640172,0.396656210953596,-0.828344476764825,0.602538357112449
"792",-1.40500956379323,-0.76344280964389,-0.00897645540595231,-0.471340412164549
"793",0.0113068043988139,-1.22991053429068,0.938598757705383,-0.343246473277694
"794",-0.199201556585725,0.39127009174248,0.217085124859821,1.27906425482099
"795",-0.758653025621791,-0.491726332427023,0.221369156604574,-0.374456809955803
"796",-0.5032256232026,0.120705930753736,-1.54188176639383,0.177974772928589
"797",1.38776256889941,0.808968998371024,-0.539035288840821,-0.458588331773434
"798",0.783046862042056,-1.127900606577,0.818273158216372,0.554260309290009
"799",0.468123044356172,1.12639720887552,0.978219674771263,-0.165759995975313
"800",0.509159375203057,-0.83396847476328,1.02465518920651,0.169108223243342
"801",0.649749262534703,1.06420704350834,1.12942435530821,0.829754645830059
"802",0.615675911240963,2.34711912306034,1.17051852858322,-0.799384782606973
"803",0.0400815620513,-0.329927328878372,-0.804209095569682,-0.738716929185438
"804",-0.0302509868043133,-0.840062302444141,-1.02326410545542,-0.47373196578987
"805",-0.0744842744112368,1.57959044081485,-0.919858044761559,0.877876467423136
"806",-0.499444024685665,0.606186623157183,0.518091164285844,0.938649974285826
"807",0.678401452771899,-0.291720737085195,-1.26528951858767,1.36732803638558
"808",0.0911827396950156,-0.623801106440584,-0.147550644612457,-0.247932877991412
"809",0.823766888973439,-0.299775979277056,-0.6278681388426,-0.630172525225093
"810",-0.622907794692417,1.08798390771541,-0.0152451424058487,0.134611676381483
"811",-0.318234315595895,0.225324140596061,0.83936536551735,-0.0186260809097022
"812",-1.36521929515773,-0.329516298642936,1.33749242941909,0.324288812374458
"813",0.65027940927173,0.51461401725441,1.24829344385923,-0.68638944610976
"814",0.174269082617168,-0.455483135975538,0.451208002490584,1.72927993049672
"815",-0.921126402576657,0.0602117610366363,-0.576239630949289,-1.68870696506707
"816",-1.36642310056459,-0.770256665553263,-0.0584674299219876,0.149296212453225
"817",-0.0722741672004746,0.451581028431163,0.385933228167724,-0.488617047981697
"818",-0.0802709186285195,0.745725244550356,0.312322341649445,1.47419933220406
"819",0.329530425830308,0.425552438518914,0.371221290673406,0.432555940472039
"820",-0.223607003185979,-0.522850780954738,1.40135227651782,-1.47127036128875
"821",0.526148122113535,1.30364354699749,1.27368476378852,1.12018913614199
"822",-0.654385199602609,0.0628278576796456,0.972643600016804,1.76898164854142
"823",1.52026832847396,-0.693189261493888,2.0372605838334,0.356459099764397
"824",-0.410171281588695,-0.109371961112458,2.10278518369408,-1.68405373333525
"825",-0.652784344530185,-2.23996696073448,2.24706986082491,-2.06148029342704
"826",-0.903134417927713,1.5303307798559,1.58637380259171,-0.0161757425701214
"827",-0.146478701723567,-0.281842974477416,-0.31361832463535,-0.800275357286723
"828",1.20553912631957,-0.85579126585667,0.462297722051702,-0.794981802819992
"829",-0.370333426612685,-2.6582417419051,1.53056852622628,0.848690448265721
"830",-0.947631639102128,0.431691399964276,0.392332524623797,-0.659860370477888
"831",-0.237785061352386,0.578173106406154,0.494947718201057,0.966809445804832
"832",-0.319104524103492,0.35901863030797,0.42293271531916,2.49115447188424
"833",0.91477243159986,-1.46580714252654,-2.31499240351713,-1.0684259977594
"834",-1.11696835097424,-0.0481436886449988,0.945646287210934,-1.56218215549246
"835",1.64077450466735,-0.310810173566882,-2.10968201405554,0.594338295034865
"836",0.995999551712429,0.277561868124744,1.67333894377411,0.727415073489578
"837",-0.592758099787248,-0.976195662686193,0.729150547414753,0.809666355146939
"838",-0.643943091284304,0.147959733485056,-0.0697725818131524,0.144554114322863
"839",-1.17584774245872,0.0361081732192928,0.421535640344735,-0.664349775948106
"840",-3.30930143960518,0.221130515727525,-0.445024150063763,0.646522062218094
"841",-0.106172497050792,0.119827670057628,-0.383322487896957,1.22457625138996
"842",0.332022564804174,-0.981726520014416,-0.864325523386514,0.214049132128505
"843",1.1144728789277,0.916122006488002,-0.608756101652758,0.611500026656916
"844",1.90265624845677,-0.799276058121647,1.3176070812048,1.01622947774705
"845",0.0276206479394813,2.65489209548565,-0.630917065218646,-0.196647078980568
"846",0.844236098889316,0.61483547291969,0.362156677121078,1.43748165927453
"847",-0.761168685600356,-0.104998414563811,-0.436349652369042,-0.480374328168107
"848",-1.25000281886533,-0.699907837694792,-0.411293832158548,-1.99209605085944
"849",1.0991840629453,-2.20306294431344,0.973697280729141,-0.0147248703129246
"850",-0.211495310490458,0.583646500428632,1.35303701467132,0.0842071334844466
"851",-0.344161924979211,1.1705723226558,-0.644038359266513,0.395819837441146
"852",1.92236361364077,0.49850139674644,-0.121415114964826,-0.733191058498297
"853",2.46507146583773,0.00837147428400727,-0.510638029190797,0.971837363243667
"854",1.01297080533875,0.00959100363803409,-1.42891287398606,0.359012882866175
"855",-0.680549621760443,-1.07291998979233,0.185995568867844,-1.73864429978694
"856",-0.538707525591449,0.442639421935669,-0.973348240498501,-0.315039063336086
"857",-1.59240027067139,0.200958499840906,-0.434172804693658,1.67059777092223
"858",-1.09736484019146,-0.106805297620452,1.46748167044114,1.37750575569292
"859",1.48763570605249,-0.361379143409509,-1.49920997878806,-0.189389879310431
"860",-1.98066905088824,2.12380709315356,-1.61035016020302,0.146296200508765
"861",0.74393773490861,-0.89334669483483,0.664020118670149,-0.344937582648988
"862",-1.0620218620928,-0.471230029664312,0.435199063796031,-0.242287745001728
"863",0.446185253875136,-0.0955319723238532,-0.810993475531082,-0.896260696655255
"864",-0.662735080764963,1.12733337383159,0.355129761736805,-0.552708359524148
"865",0.0924575701279235,1.18425743697926,-2.08946478457329,0.586278055161998
"866",0.350081899085307,1.04362961424947,1.52875478136523,0.192930089546658
"867",0.770839502373505,0.901764165416371,0.225843541435638,-0.938099149688152
"868",0.777074148551448,2.15460465592366,0.772261038701385,0.00484625489118874
"869",-0.143306732036424,-0.425803089114482,0.577691409044632,2.25546754492878
"870",-1.11404793670248,-0.499250109607438,-0.359592576754448,-0.035507436339453
"871",-0.848216726215748,0.614823352968036,-0.201501238939194,-0.117127345145049
"872",-0.660853916332952,-0.92344121580089,-0.756198882308814,-1.12105804169305
"873",-0.204841432268894,0.421071593963128,0.19912256926296,0.00188274970575827
"874",0.276207201378562,-0.213994495642804,-0.217727045016717,-1.63811501767757
"875",-2.52971343141527,-1.82150771752839,0.938334724030261,0.996121650305812
"876",0.307696489732198,-2.53821746225001,-1.16104387751937,0.144433624576168
"877",1.02451740221255,0.485226361742788,1.41453857318041,1.23208035752331
"878",0.155050797354571,-0.740465105763054,-0.238493789478039,2.00620446950582
"879",1.10788956080679,-0.333544462529193,-2.11009446671252,-0.821695897028598
"880",-0.402096428770448,-1.36755688469254,-0.680685158057968,-1.48233730911254
"881",0.743223627116096,-1.50712038177567,0.263488531932087,0.468576517162408
"882",1.27647085061688,-0.32127356644274,0.730144920522246,-1.01060791143979
"883",0.627120603427086,-0.399998477133162,0.640180643269847,-0.222929860580451
"884",0.133269557988182,0.148486161974847,-0.102508603438704,0.417117982627945
"885",0.760885135495103,0.296068441893892,0.438653070733396,-3.08551014410482
"886",0.379207026566806,-0.835039979880314,-1.18150696563726,-0.249618446719868
"887",-0.213386654192037,-1.45546782828722,1.54039494535505,2.05389987042806
"888",-0.229381795473135,-1.24599684335353,0.0552957496003112,-0.599413491408153
"889",1.05304839474226,-0.91155187522754,-0.677013400653973,1.23989966999616
"890",0.737097258282713,0.044405714673687,0.918444253164004,-0.575883744318651
"891",0.883968295468261,2.13750839646772,-0.93841585610468,0.24797015623411
"892",0.488358755751855,0.986169995921735,-0.276691202062211,-0.575409596345787
"893",-0.669093728342504,-2.04371406192762,1.16101075430729,0.666768559802341
"894",-1.64905857942304,1.20688725651282,-0.0189875009135165,-2.38193572975667
"895",-1.1004149043646,-1.41204624529377,1.26252234795998,-0.150825553604249
"896",0.916237116805987,0.0967491196313792,0.616608272625784,-0.0800799188826835
"897",1.23491139429985,1.38056286963549,-1.69367410463651,0.331791380677852
"898",-0.733755347706179,-2.64204203875626,0.613368405460005,-1.5067786183949
"899",0.20683762421007,-0.604811867465823,-0.911355863217954,0.579679401569879
"900",-0.013560256272951,-1.20577986503418,0.253574050682189,-0.323654235750285
"901",-2.04192020664563,-1.72407235277772,-0.055399936976595,0.683649488206064
"902",1.43645067065823,1.59181172196833,0.558822419617759,0.641554894524924
"903",1.26461546041789,-0.595353810411601,0.537592554050417,0.0602195656922377
"904",-0.148551784244303,0.402906460853373,-0.0943149819722275,0.117249552742025
"905",1.81145203066205,0.608105312882793,-1.41955274160469,1.03899008857641
"906",1.05907898537945,0.742431810663481,-0.511458170335287,-1.17710789773416
"907",-1.75778322528402,-2.12202593305436,1.64137420759012,-1.24896165506544
"908",0.487779073181496,-0.0229221117420952,-0.678300892409335,0.0448154095247515
"909",0.296915571734484,-0.563414643198575,1.10218237295278,0.43246514302093
"910",-1.30405841648114,1.03772603405231,0.742698588336117,-2.54669211947034
"911",0.34528511894745,-0.53387552493892,-0.0763440634828008,-1.23363815901707
"912",-1.34513370225692,0.143820828649908,2.03062978366231,-2.26956452834376
"913",0.353922159038636,1.61963833933112,-0.147019830100642,0.579153186463369
"914",2.34255488652515,0.125307232006652,-0.659763801091238,0.0257526915677521
"915",1.39293635659241,0.358904222198089,-0.939412852094298,-0.45444154594669
"916",1.14693953500496,-0.647764898640747,1.44957875450287,-0.769820468825553
"917",1.11454558933286,3.02199275007063,0.266281979101668,-0.336647642371537
"918",-0.254719303571659,-0.863223535623641,1.66937100484454,0.613247040294317
"919",-0.0714045184177694,0.394607179254817,-1.1559437437567,0.364873421419134
"920",-0.514571432981663,-0.129780137077871,-0.0225473175502029,0.63043423583997
"921",-2.23632951853642,-1.05487554125166,0.934674462693986,-0.793107364334801
"922",-0.290351811371663,-0.755490306701316,0.558589083866588,1.40851702125655
"923",0.507129074832161,0.985296995549792,-1.69184883940695,-0.375199481716021
"924",-0.885396438694045,-0.345497451235723,-0.111428961393992,-1.54212414840314
"925",0.393576318396434,1.03944810695145,0.61946553439489,0.98547508163643
"926",0.275592578296475,0.609602372377581,0.594383045714394,0.8039643105322
"927",-0.0433864107259069,-1.66294200161173,0.636148144326878,0.192795772913705
"928",-0.987310749375657,-0.250119135919727,0.167756400809194,0.560596569647068
"929",0.0828787032899337,-0.684329530281916,0.526729891700021,1.54700474862704
"930",0.0825164464121389,-0.599746688123527,-1.05948097736783,3.30384940418574
"931",0.193345031776735,-0.641884492794038,0.428537307748093,1.14615481793515
"932",0.330455737641663,0.88970895784785,-0.798120032875434,-2.10827318903094
"933",-0.824603411836322,-0.635380251944469,1.0364218410413,0.191440232565809
"934",-0.125129109580938,0.922622765393963,-0.877553419206156,0.844144659108862
"935",-0.44332159404495,0.551784202649793,-0.549361334127775,-0.609678897062769
"936",0.951804692664743,0.959618585610407,-1.05710123796674,0.250002382890978
"937",0.164245601939729,1.0493635157125,-0.271739154741637,0.613070412103899
"938",-0.495087744632538,1.47007982826447,-0.479626112404226,-0.690787501859695
"939",-0.592719714773141,-0.352812297925424,-0.477452714034552,-0.111771099748579
"940",0.88028514410604,-1.17548090940926,-2.16184544965723,-0.795228793343078
"941",1.1897714628024,-1.18802472841296,1.23417780402745,0.855870628906586
"942",-0.176320461631499,-0.125928217637071,-0.112212520648049,-0.206051654409699
"943",0.707303272928617,-0.446345897890738,-0.722893106174548,-0.710686447243884
"944",1.55287315876537,-1.8309694215531,0.179288161222289,-1.05018437695516
"945",0.385512841966024,1.47544665682486,1.1136422726931,-0.886236748236464
"946",0.238195930910894,-1.29237018746935,-0.00654427483723944,0.789531597558583
"947",2.20426881079394,-0.553627442691791,-0.11803838981711,-1.07644956889615
"948",1.24795671255496,1.23463406640564,-1.57488100428862,-0.13561074815329
"949",-2.05731805483103,0.152194362004012,-0.550524661990038,0.626265751261294
"950",0.477328314965999,-0.302592335419628,0.000690387502719766,-0.233973879444386
"951",-0.425726714143097,0.522868213631308,-1.16754023920119,0.808858533032465
"952",1.40287463121314,1.194166123687,-1.06474825749682,1.55260599450234
"953",-0.512649590887032,0.482736200149954,1.49135576793554,0.132157598456666
"954",0.668711814973878,-0.927794650811518,-0.813158353403395,1.05860366265958
"955",0.374622715004179,0.782633839276426,-0.393375697846565,2.38758558749773
"956",-0.315770700469844,0.880320709515052,1.05594131499576,0.443869699550765
"957",1.15130700473512,1.32457817815059,0.560030102387045,0.479729671486139
"958",-0.315386485353391,-1.78076758373992,0.679143701925411,0.436539676114048
"959",0.360021949393881,-0.605562186503742,0.443863022042302,-0.329380678536435
"960",0.814334546046042,0.0498448521351,2.20821547312421,2.54371946559063
"961",-0.255089254617374,-0.527707832678153,2.04072868806958,-0.376810347485913
"962",-0.107250994709388,0.489973378455198,0.174508115895493,-0.860615934526855
"963",-1.02818115214037,0.39183791153718,-1.99308777819249,-1.06420341618309
"964",0.743731311697458,0.124942809875152,0.911036978285461,-0.777895563050891
"965",-1.44839366237122,0.496389271883546,-0.119436315766771,0.784060129069348
"966",0.104015162072073,1.00082092370252,1.68036354922495,0.703036250230852
"967",-1.43706480213404,1.25682774208927,2.7908207811312,-0.706107876372567
"968",1.02647807522646,0.593773509404035,0.200496416110378,-1.60847002769944
"969",-0.0815709911381722,0.747822057622679,-0.302149862970803,-1.71633875577455
"970",0.0485950344384327,0.853249530496789,-0.795232476323557,0.745360839034639
"971",0.217119264953664,0.114585999311388,-0.276687361937333,-1.57941767079715
"972",2.05065484622403,0.0628822503172663,1.33837322344765,-0.942652857701216
"973",0.173510909572613,0.215079006040731,-0.160045003405807,0.210112378835022
"974",-0.145870589360203,0.60783779478888,0.671674312446474,-0.824749945375169
"975",-2.3271610305033,0.0571453631314849,1.48995471936857,-0.342298524106864
"976",0.0048422300139716,1.33470763446712,1.25962823535547,0.332257324614173
"977",0.702685934284878,0.937578793207169,0.249660702806354,-0.816811054331899
"978",0.711250195028027,0.659196227984192,0.469037929524057,1.13731058369502
"979",0.329725648867626,0.652945368449139,-1.31168417866449,1.26043669445423
"980",-0.996580939084564,-1.83845114746595,-0.621058754280933,-0.078469442881931
"981",-0.382658942996054,0.344616112913079,1.52589969412047,-0.070929116960698
"982",0.994702398032958,-0.509663144772307,-2.46732854738023,0.348146726504177
"983",-0.00194991711614402,0.553377777550757,1.99646983981072,0.209161977247873
"984",0.55323293115263,-1.30989077194213,-0.674023421659939,-0.429044362285125
"985",0.177973456816314,-0.370762793962145,1.79956716026317,-1.17197953989326
"986",0.127320993608773,-0.587082083643257,1.58002090880772,-1.0706813493302
"987",0.652940368238852,0.221590695972612,-1.11343404480697,0.0839935141259073
"988",0.19775625977331,1.70324041238441,-0.229054358575076,-1.06653015821215
"989",0.417982179329281,0.910252139570205,-1.14872419892449,-1.05967812712622
"990",-0.0175806810835665,0.3041971162125,0.0622951287195242,0.782632349924958
"991",0.597734154897713,0.824460306595099,-0.428783513677962,-1.06122595420583
"992",0.240465515922019,0.495760424321533,0.608646230417703,0.603283958091258
"993",-0.0841841844587764,0.978969970685607,-1.66091446489471,0.902879802174914
"994",-1.8443928036491,-0.831173656696823,0.122991727494035,-0.104818370584407
"995",-2.15441468891326,-0.197998970868785,1.00818445112834,-0.0653512553929827
"996",-2.22786985377334,1.70065015824945,0.627719471854536,-0.14484784270523
"997",-0.00195393248927095,-0.919357855989388,1.17066070140637,0.603666191199381
"998",1.10935817281789,-0.401458360155657,0.0599235949700928,-0.826884762893045
"999",0.911913305261919,0.27868885757744,0.531693965935256,0.00626785576132339
"1000",-0.107258535916881,2.11578865757809,0.219448756112105,0.0425432169335165
