"","v1","v2","v3","v4"
"1",0.149681546875562,0.916805936967902,-0.455983704284956,0.235660777753929
"2",-0.0691228367051175,0.661020511073863,-0.210601198864844,3.18575842641789
"3",1.20513523011099,0.0202911151898531,-0.865983663983545,-0.506747485038358
"4",0.48992044224635,-0.823340384961171,-0.329767936242856,1.45241396890629
"5",2.10640453149291,0.0436593475452222,-0.640236655550677,0.596792107872252
"6",0.114577501813273,-1.02403361865645,0.372500276069429,1.1171573088408
"7",-0.731407246352951,-0.450643200062073,-0.353262495254087,-1.00767512525735
"8",-0.0932154091652862,0.412295601965287,1.43442120758604,-1.0588398399323
"9",0.615814501098117,0.86500482743796,-0.801797116221965,1.9508024913289
"10",-1.00952996757516,0.467403196182826,2.17256966943056,1.19097276519894
"11",-0.894773301384148,0.960515085782873,1.50350910530616,0.333409175050794
"12",-0.52185663809106,0.873400846040303,0.0281860972389459,-0.90671467643582
"13",-0.0837590314351969,0.0363261863694312,-1.21168639442274,1.7129910116117
"14",-2.65676695487733,0.0276244208710854,-0.412710354378611,0.890598435765014
"15",0.8919887654789,0.468960606367679,0.222214880953685,1.33705385876362
"16",-1.27290178370469,0.385880850520334,0.0182240064960521,0.644923261209486
"17",-1.48858260802578,1.4315762366074,-0.149153564524374,0.852724718525713
"18",-0.998247707072356,-1.46041113037365,-1.07617522184684,-0.927743175412376
"19",0.415615538406444,-0.456331605283408,0.427661960502996,1.42777408983234
"20",0.519797565827168,-0.321792052802462,1.59415173539664,-0.517955251819329
"21",-1.03082164280378,0.165549317781196,-0.277227755033043,-0.43732830030633
"22",0.469492331610515,-0.269164424071147,-0.205386940068719,1.33583315861826
"23",0.216748285979259,0.0236621597637412,0.144154049496405,0.352098825083209
"24",-0.263779732951851,0.46147855714913,0.0462589586671749,0.853816184731435
"25",-2.02489525663202,-0.533841932813774,0.315928234194052,-0.165225577534321
"26",0.175034301023435,-2.35410960147062,0.193935009879435,0.855087313130694
"27",1.01410828938774,0.694147882037027,0.835821528386645,1.82950575963933
"28",0.580215584380881,2.14835008394176,-0.10583189752899,0.258563567315536
"29",0.573236504785506,0.278152573905237,-2.24889667847525,0.666767355086693
"30",-0.760976974711952,-1.22825179367652,-1.09919104897359,-0.36235606753536
"31",1.04181895120589,0.0154629766329216,1.48775901214765,0.127771287400877
"32",0.282617655974153,-2.36236643083608,0.606998767339549,0.427510693208687
"33",-0.790193159585398,-0.726370914030801,-1.03732207892563,-0.392864619045488
"34",-1.09073302409265,-0.503064122327025,0.599446407900971,0.557093611837834
"35",-1.29835544942203,0.261770069799453,1.47796231528401,-1.23800026324618
"36",0.440766977254111,-0.650504532552728,1.42283282557655,-0.107152345459636
"37",-1.51377399816355,0.307454277182749,-0.116339501933162,-0.301730176567211
"38",-1.07061994398086,0.285488542289026,-1.10603240058232,-0.121940690881053
"39",-0.384506326735843,-0.650544707071269,1.16567121687475,1.09825527002266
"40",-0.099570478321278,-0.18510951934632,-0.467072247423398,-0.070655075894804
"41",-0.227244913010037,0.0140430325655197,-0.213121575942812,1.00730275938842
"42",-0.915191224562318,-0.087671420841951,-0.637438759410445,-0.984945837408316
"43",1.09719619796305,1.08932681091495,-0.305740918432315,-2.09385302541219
"44",-0.617534914485719,-2.12613916005063,1.02239308642061,0.399101792884962
"45",-1.31651652573835,-0.607803667385289,-0.560249508295616,-0.251372496545794
"46",-0.95707449377133,-0.294526204123007,-0.220670976916224,2.50042194509921
"47",2.06954996429516,-0.975381088250679,-0.427853739754293,0.102137804868184
"48",0.381475320633411,-0.79382624978877,1.599845579008,0.708130358249864
"49",-0.870507509796472,0.0462194679395849,1.53863966236854,0.837490397677528
"50",0.126567436151718,-2.03289913859436,-0.755057045852514,0.430448174413633
"51",2.38788656863651,0.437118294952883,1.83054904186794,0.921795971036428
"52",-2.27935981579178,-0.370867149063736,-0.635242345719346,-0.328268223166953
"53",-1.52667615355925,0.30999021317592,0.427849701622088,-0.593892737183515
"54",-0.41818577979588,-0.0670560019660798,-0.345078370138493,-0.231380117618698
"55",0.13109357675552,-0.709735957528979,0.0681125741897488,1.86883798772104
"56",-1.39115352491056,0.357270980009558,1.27909784873225,0.970047241316089
"57",1.28951064814649,-0.707664102846748,1.55927686656902,-0.417971057326207
"58",0.371984991355065,0.956084024038977,1.74064508558713,-0.118296242100792
"59",0.03860688851668,0.0954679745886186,-0.205150401334696,1.52024286723192
"60",-0.285721969447156,0.715561431327934,1.8141605608028,-0.000437350281353561
"61",-1.57500407784416,-0.802871165597199,-1.48809343228379,0.165388114820988
"62",-1.83539201199756,2.0230774281854,-0.19439181675284,-0.498881165625199
"63",-0.235991265776654,-0.0491037122896085,0.624226164422472,0.158778913374276
"64",1.11296996648961,0.0326818573530359,0.849516412123506,0.53917108966542
"65",1.01906565397942,0.16428685173825,-0.579171730316563,-1.13005434679679
"66",-0.620373610878319,-0.0114436842121778,0.675389673470161,-1.73089482370511
"67",-0.166287240548461,-1.35297638890782,-0.338444296369275,-0.981321716343362
"68",-1.20909437461148,-2.66385784686293,-0.986738696683176,1.29085079696857
"69",-1.30862152115465,-0.13099600862755,-0.412488465332212,-1.4153525712203
"70",-0.501353777821208,1.13648704574778,0.0227500274801176,1.58427896952899
"71",1.13408776008905,0.765357702950252,-0.319335304694414,1.90074811894623
"72",1.02380604320503,-0.220487841753472,0.276836843781132,0.515789938923169
"73",-0.461952139423965,1.28015244700575,-0.923539047164373,-0.569912059937545
"74",-1.70879617160873,-0.972546109697279,-0.528557842085882,-1.02420625980523
"75",0.0285703305880619,-2.20783312125703,1.36596798042469,-0.507929892451323
"76",0.198049809102152,-0.389530989047931,-0.181118750232273,-0.565837083609849
"77",0.364687409163658,1.02088779346681,0.630404098385335,-2.73735093652676
"78",0.997857967937568,-1.32167354317879,1.99674570770356,-1.44506969050174
"79",0.00333042436804799,-0.682758130066891,1.37507413954496,-0.886070552970634
"80",-0.790241934619193,2.41371022641156,-1.18544557208535,0.406098508320058
"81",0.276063103323203,0.211148074423902,0.271778623772917,-0.362529037837677
"82",-1.51725316360423,1.37197731174771,-0.143767432496069,-0.0896263755591269
"83",-0.928711770059833,0.910483711740188,-1.16592503591116,2.57988175916473
"84",-0.715591540463027,-0.0846044151964147,-0.227659490399642,-0.0353457637191296
"85",-0.353654317309953,0.0072323917205337,1.04782416205561,0.806805465809056
"86",-0.277619169573035,-0.228996590142255,-0.766771707615048,0.628869943901212
"87",-0.480108239853032,0.0928404224611047,-1.51688659459511,-1.05294930362534
"88",0.566531637054152,1.68257162632032,1.00101023535546,0.0781511807497366
"89",-0.633244287167316,1.30737477334131,0.359294779555865,1.28679791152959
"90",-0.404904385789705,0.544412161431032,0.665198948046652,1.73496282075822
"91",-0.176398509611985,0.624982131101554,-0.706657793107276,0.89538118801214
"92",-0.807592913875656,-0.186858034177496,1.10099908881888,1.39478380049669
"93",-0.738851528284203,-0.21933182275857,-1.19322486067939,0.971329898422289
"94",0.657959583238425,-0.515318136905611,-1.37449705969953,-0.301264817822939
"95",-0.0815026612206147,0.14811538570763,-0.0264037548219006,-1.02970515291545
"96",0.751780788655224,1.90220002575263,-1.31454030175462,-0.00315937305578547
"97",1.43355035498546,0.574589244432575,-0.432491134678369,-0.881812276984695
"98",1.21358993820451,1.16551712729124,-0.909577075577124,-0.522885702480135
"99",1.11531178307911,-2.88383700162751,-1.64956331143878,-1.11413013704769
"100",0.541381501970101,0.336595737568848,-1.07585923965639,-0.940563416430222
"101",-0.771103977987878,-0.640834132207566,1.06833262342712,-0.122353960998411
"102",0.581403565389465,0.379807968456611,-0.122126942336541,0.450367405757169
"103",-1.25173198246724,0.444890500064826,-0.749752228575352,1.71602455638429
"104",1.27155750622643,1.58760735926457,0.210435994142865,1.91384484622689
"105",-0.786381497837516,0.604603334306566,-0.392694589749338,0.979249776958742
"106",-0.451102115409409,-0.168479662473849,-1.7108314793119,-0.219600914123538
"107",-0.871135481866192,-0.802050114997818,-2.78291186468634,-0.326848102413993
"108",0.624336229151392,1.53535259093243,0.188529984648383,-1.32650428944002
"109",0.0292868401209243,-0.206725842916283,-0.202717388572897,0.793784807183958
"110",0.14647838255986,-0.816410869838588,-1.84243553598908,0.389467587446611
"111",-0.794325649018585,-1.50193159797634,-0.886919547357014,-0.416377768859718
"112",0.261462145377887,0.517554925931599,-0.00198831075851415,-0.815055084556315
"113",-0.901553503141213,0.602060829684556,-0.0279415047991858,0.0426275030626669
"114",-0.515599392310255,1.25759226946063,0.0484866622742665,1.02575256722357
"115",-1.63968553616178,0.154406570450455,0.263557634961246,-0.784845782147986
"116",0.303467895812936,-0.786275371701292,0.507416343577076,0.116045118058406
"117",1.0248384788302,-0.0446784906266044,1.35468196616733,0.137009113073101
"118",-2.56521884699731,-0.297904025752447,-1.70620014061164,-0.327868723120421
"119",-0.025655453157728,1.18003018251962,-1.4946553233516,-0.838429252378481
"120",0.145056262080088,-2.7414370510699,-1.5420846512742,0.695046685998828
"121",0.704589404264444,1.35567434695376,-1.39152038705458,0.531884533653992
"122",2.4258161248698,0.0717619956367175,0.167946380951296,2.73747024331643
"123",-0.813482769516097,0.503630823414154,0.457113329386194,0.665585298613637
"124",-0.207763750351256,-0.490511322458054,0.671816877281968,-1.04021260606941
"125",-1.74673914472457,0.620499184137065,1.1694494851716,-2.0012976894332
"126",-0.220515105547987,-1.18901455232619,1.01848266621066,-1.03522320716667
"127",2.10684424062567,0.288311779393052,-0.946162135159742,0.0638923870051743
"128",1.43115924708988,-0.120193826359082,-1.37410786564284,0.13799753365984
"129",-0.899676586239767,-1.14368898072206,1.52854596696488,-0.616704561726808
"130",-0.88996638264719,1.32435070619855,-0.287218471230121,0.570566355242476
"131",-0.230906540182255,-1.63970983508416,1.06884427732619,1.08235560715126
"132",-0.982109266079501,-0.640780927803337,0.299343635562474,1.27000638287459
"133",-1.37239813916794,0.181135484377782,0.907745427720229,0.945862575207748
"134",-0.126384392729527,-0.959304810377327,1.04896143322595,-0.668993896780621
"135",-0.786360441356561,-1.00098193194078,1.86012764615544,-1.4941967872939
"136",0.689255818491266,0.2931401510316,-0.330425597983725,-0.875409391819559
"137",-0.387263108887982,-0.45987386888386,0.697225637689288,0.478495039810484
"138",-0.714261730611056,-1.38843541281298,-0.440117145006453,-0.0606586945062173
"139",0.626391300413304,-2.34042113918316,-0.597558212776048,1.46446564385446
"140",-0.699808858667808,0.987912135988937,0.0758977836265103,0.704292070838658
"141",1.15856015999048,-0.0717217450853689,-0.500389987283986,0.296259612221024
"142",0.753117010460801,1.12712184883366,0.723908303570213,0.160775168550278
"143",0.510928105306851,-1.07963576171215,0.236661751813731,1.38401457700993
"144",1.81332218372975,-1.3148072155033,-0.55726305672893,1.45352239722629
"145",-0.599587132037913,-0.944895645487526,-0.113227645782489,0.388114512349513
"146",-0.909680072680787,1.10994213833969,0.937373364755622,0.503585845651307
"147",-0.0268056422018825,0.293718138743506,0.709236247790331,-0.954602104456049
"148",-0.2178431803362,2.1559425397209,-0.668062542384991,0.712048088489986
"149",0.305781841668271,-1.34516504730994,0.622617145237168,-0.129678616534451
"150",1.71465591881333,2.14468149693045,-0.710406079572215,-0.218049380733818
"151",-0.602774625433696,0.0728995472368161,0.985465485839827,1.50103809927682
"152",-0.248744136080164,0.167565979796614,0.736375879725477,-0.620992199548335
"153",1.29739380930859,-0.454190043728168,-0.699193570752796,-1.19689610651934
"154",-1.97749153959854,-0.459854322339495,1.27047837772701,-0.136530041112896
"155",0.843021836340858,-0.997751346806428,1.05352440144156,0.710339009984261
"156",0.481781755834919,-1.17597757663094,-1.10263514147512,-0.313868144267886
"157",0.0494645354268815,-0.167994690111788,0.229712442172851,0.625083712040111
"158",0.073130044646524,-0.825050700208246,-0.872191657717632,-0.390728280560692
"159",-0.15382915786521,1.02584585630508,-0.743744797484711,-0.356456443223542
"160",1.49656965573471,0.672682925075229,-0.0458372569370813,-0.158830826678134
"161",-1.960814126861,0.370269903845277,-0.506455089755198,0.996450845342873
"162",1.57276952529532,-1.31026304055164,0.877474695499792,-0.32666622500859
"163",-0.063938130088936,0.972495511623904,-2.0881033818599,1.10973021322151
"164",1.38920808116926,0.0551546914041791,1.00865589499402,1.44526877464318
"165",1.78225168455142,0.121448999504258,-0.270915004636383,0.599095438102665
"166",1.2610049067383,1.60912524806991,1.14527142599846,-0.0397154594778382
"167",-1.05366787986356,-0.0703227292736727,0.083054877971326,0.169951695103045
"168",-0.770117931667545,-1.09157905701975,-1.08240975826643,0.130324109014344
"169",0.120346978608514,-0.333875933808179,0.124059516254672,0.263320530784876
"170",2.09947527307559,-0.419812253598106,0.151036340807281,-0.69885177459451
"171",-0.500174021607907,-0.423247914073856,0.75369037019976,-0.822165323840752
"172",0.830841910952156,1.80418697569526,-0.994340688736611,-0.413205470391138
"173",-0.485852955489958,-0.591655441527129,0.546643328814041,-1.19895009031016
"174",0.242431635619572,1.74899961921018,0.0156116602885569,-1.3149087405633
"175",0.001474656171788,1.21176712052175,-1.23935046122844,-0.39463843669505
"176",-0.891193682951318,1.72599432773656,-0.499236231755096,0.871320268499465
"177",-1.19347147260967,1.74559284194414,-0.441383902953559,0.898909037992737
"178",-0.435457992321203,-0.340158330250718,-0.0250688128431145,0.342131290056658
"179",-1.13031437002966,0.255159656433786,-0.489993163353917,-0.15934011476163
"180",-0.802645675782398,-1.04552458808547,-1.47225522929089,-0.356435931381941
"181",0.734187170297415,-1.29340668624176,0.0677902117199252,0.84901403016447
"182",1.12407287962494,-0.71569889499091,0.0102080725983563,-2.02115469066637
"183",1.35024780953826,-1.23058434892468,-0.419375322924838,0.25803808685592
"184",-1.14442858126282,0.358395727822477,0.610950900973201,-0.829077505318747
"185",0.142240340450258,-0.0582794555802054,3.34293457206402,-0.026514204269958
"186",0.355920151564559,1.83602591788528,0.538371778457079,0.160399018813232
"187",0.115654932155009,-0.721426236692921,-1.04072046237103,0.48512946261351
"188",0.790374739823412,0.686495443372163,0.49808053174529,0.488115438173195
"189",-0.522360585389797,-0.0264081609312134,2.67676756591683,-0.456382457068356
"190",-0.608405649014959,0.312993021937839,-1.42985143239062,-0.467574027979376
"191",-0.728602671308776,0.355268114478031,-0.887879805883592,-0.926363314934832
"192",1.00607841772884,-0.899650411904968,1.65932308509907,-0.0216044244892853
"193",-1.01590868728119,-1.52722463707189,0.434123379604289,0.780584003870074
"194",1.08937219044048,0.471902420399102,-1.3337021654302,0.311904754552794
"195",0.201382003530479,0.162683175948294,-2.49085198209839,0.212012834198784
"196",0.883968201843143,0.208042517148244,-0.571309390821749,0.422126205722967
"197",-0.71485732662967,-2.49154285721274,0.786803135605231,-1.64010249928957
"198",-0.0591282887978356,1.41991501512032,-1.95810335264215,0.454877423458349
"199",0.974061040621391,-0.579365354658585,1.82715500727282,-0.333947141798077
"200",-1.08780396443985,-0.207649023505991,1.60863280026491,0.000617182241638494
"201",0.250873508428981,1.38314312227728,3.12883777086264,0.0513700918490797
"202",-2.4540024690552,-0.52095997338343,0.946651434714974,0.0600563633605979
"203",0.0199830752244556,0.734949996873804,-0.507043039449063,0.500392438219374
"204",0.562264425835072,-0.116271136601579,0.92404862530993,0.697046886482936
"205",2.54488248808439,1.16211516344129,0.561665063381668,0.255681172113212
"206",1.55479272831263,-1.75785612051775,0.956726554595734,-0.728923011261868
"207",-1.3670030537612,-0.0208246943606073,1.46159182008564,1.43157318683739
"208",-0.0150377504733216,1.45223970293902,0.264844000369229,0.0502008879129783
"209",-0.615781391320711,-0.27232042555914,-1.65768301265759,-0.362451044010703
"210",0.272742263249334,-0.0339658370446453,0.766198388910906,-1.15702913891974
"211",0.364549029611787,-0.765969899481603,0.671532398071286,0.772240053413025
"212",0.925251578612881,2.98119884716725,0.345528129760348,-1.00000917385639
"213",0.592115374158273,-0.70703797113494,-0.432649562422382,-0.177415251081551
"214",-0.142771736463212,-0.289117903996182,-1.03056440687962,2.55054504096946
"215",0.976868230342596,0.297390659347346,1.41757535477645,-0.153692353396952
"216",-1.14079963199989,1.23883885488761,-0.792597158934181,-0.721777296129067
"217",-0.294798338030612,0.704762384777862,-1.6998933044997,0.192847610341816
"218",-0.38725268510256,1.45656509302509,-0.121666868614029,1.04949346366455
"219",-0.0869571009999258,-1.3433128531275,0.481057775698223,1.71043197242053
"220",0.137921070836374,0.515742753106842,2.10753903398521,0.00122379877621841
"221",-1.29562744870593,0.377491814320233,0.832388270077914,-0.155756343453311
"222",1.92929438913863,1.73256853269918,-0.547686450867436,0.448972734277941
"223",0.108810908634781,0.168841746893806,-0.110430199861628,-0.216773974160979
"224",0.555351995447923,-1.62076856497132,0.708815949787058,0.527428640877108
"225",2.07850077335284,-0.00288323037004094,-0.283091034681653,1.23060923391339
"226",0.426628192579008,-1.58505140294587,-0.62432415825359,1.64381130412706
"227",-0.166871270815576,-0.227918506078717,-1.21054129912425,0.453608078585714
"228",1.66404655295168,0.213758093436773,0.463793977644113,1.16036274872529
"229",-0.564132104883354,0.921145467470597,0.616684776031335,-1.2085990110533
"230",-1.11256258888546,1.0581556278117,2.02966955438844,0.695777233081941
"231",-1.39957643674709,1.17526858440696,-0.753957463679576,-0.0447293984865019
"232",-1.77839378609649,-1.18222795657832,-1.76716053407898,-0.0136373740034402
"233",0.237896907879343,0.308869508248797,-0.517750234203487,-0.217326046846454
"234",0.0631741950633379,0.44371130342692,-0.502859343208348,1.0077597770536
"235",-0.424017322095681,-0.100437151757943,1.23271512750421,-0.0589841049967265
"236",1.00864384185405,0.462262124594596,0.585857352749343,-0.693378515786074
"237",0.132922778102324,-0.627806175936807,-2.01229968521486,-1.88194022820455
"238",-0.0972544875328604,-0.048046748673995,2.84048257322843,0.697701230857038
"239",1.01539102764744,0.750800481945475,0.862245314054321,0.196998157767004
"240",0.802354650861855,-1.40816002470398,1.41295335362585,0.624293546438904
"241",0.102850252154868,-1.26039436333273,0.136402802795916,0.374627698499847
"242",-1.64044023627697,0.189004666519379,-0.0349107897424797,-0.325459406753366
"243",-1.92790357066519,0.598156294341282,0.955290106080745,-0.685739847757406
"244",-0.840799404741276,-1.90438305727417,0.633043052314118,-0.546666130226372
"245",-1.18611852611171,0.35422493715875,0.29663596326849,0.38429370953446
"246",-1.75098303198611,1.36591365593947,-1.19255670001409,-0.937754425719296
"247",-0.522310552722753,-0.931032876807121,0.113764167059013,0.731058612086448
"248",-0.607100653445357,0.988576726508684,0.544560277983886,0.45064736934826
"249",-0.882773993977914,0.383197460085834,-1.36055821728761,0.203151959691438
"250",-1.3188253238287,-0.518487397235452,-0.586998068461674,-1.08080584235543
"251",0.637170841387124,-1.00045064704977,0.730727877083274,0.571501573785276
"252",-1.45733323041011,-0.979682652224152,1.13160772545765,-0.398457772059023
"253",0.202942960776403,-0.850838027470981,-0.111964181084564,1.0223883540759
"254",-0.380406297777344,-1.0901715276061,0.543550841603538,0.719839577848355
"255",1.11280265444513,-0.166004200452675,0.938869935387808,-0.168911609770327
"256",0.869185338120944,-1.45097663510878,-0.121190857777806,-0.505932364829426
"257",0.120548892855149,0.606009033134952,-1.81936579509472,-1.6199006523738
"258",1.41103846048179,1.16803400151373,2.19883344311613,0.00382306844644491
"259",-2.05695811020964,-0.402491556442346,1.24898855678667,-0.734722553781478
"260",0.761420665083153,-0.275474030152477,-1.10910660813599,-0.598940712680603
"261",0.179462919719963,0.508792940177502,-0.465799297608009,0.3447537371168
"262",-1.09867479312604,0.481433777088923,-0.143523078432626,0.211703060611877
"263",0.150943163220084,0.528335152216399,-0.0189966311970583,-0.0629666179139754
"264",-0.32138086117193,1.16281824006664,0.601927427083037,-1.71066795816646
"265",-1.04578066790108,1.12311380694071,1.04740673890121,0.0857280151033054
"266",-0.478572373910351,-0.558362185935521,-1.25838415686729,-0.0605149168827762
"267",-2.84031796833237,1.17197183399735,-0.591601366383402,-0.196344344063699
"268",0.0864195493371275,-0.347278208033505,0.457478367208916,-0.601143955003087
"269",-0.0796544843721854,0.570675844633243,-0.769856349625063,-0.364652824625546
"270",0.178937160714032,1.15770679930872,-0.520205374947301,-1.53854823324142
"271",0.0453183041776052,-0.0381838548353089,-0.611596129136963,-0.584103279482224
"272",0.182849480139061,-0.780424071914889,-0.984573475314929,0.36538101649343
"273",0.594620304843226,0.120896322490111,0.627145417046189,-1.29849016448187
"274",1.55116028581398,0.15868330641026,-0.0679950200807071,1.44437368548504
"275",1.18217902190738,-0.266402191874991,-0.805889559901437,-0.363186412675617
"276",0.314742353900907,0.887830909950003,1.02706889993467,-0.920604603548375
"277",1.363921945066,1.5040820707491,-1.5423417814683,-0.131459287515152
"278",-1.0490978933062,1.24795779733041,-0.0510665668528123,0.666700897311764
"279",0.829731219132478,0.897543927608661,1.49539364655547,-0.791536586485877
"280",0.58177014691108,-0.81770272631449,-0.247514367925112,-0.202466105312081
"281",-0.636261068480031,-0.35909846902297,1.04829952448905,0.696485014778006
"282",0.0976596540088949,0.0398260014338685,0.668663015010142,-1.02148030288789
"283",0.568679888161399,1.78788915177933,0.26587729115669,0.658807385662063
"284",1.33519153405019,0.83593309799947,0.366976443735756,-1.85103180794202
"285",-1.28538111558258,1.29326300915021,-1.82577133390315,0.674473803430475
"286",1.3855129562284,-0.304468763818784,-1.1624259794052,0.201636458296268
"287",-0.115443160808729,-0.18610952972089,0.585364395751827,1.51440313367667
"288",-0.27847369146658,0.325182520803632,-0.271446019305998,-1.42369495754149
"289",0.365339344530054,0.100795487173326,-1.8053599883279,-0.104163084869721
"290",0.326272960372349,0.387023870933446,0.132191287590024,0.312977612199517
"291",-0.590510157587233,0.200518594887383,-1.11123783897372,0.412127061181139
"292",-1.66777495527754,0.637634929526457,1.08748748228678,1.41162065231276
"293",-0.662854042480444,1.04039291111778,0.504977117916453,0.570284668517008
"294",-0.979000206526356,-1.17859156004543,-0.875508793292581,-1.04684612298604
"295",-0.264829157644521,-0.447346383801883,-0.250210237570408,-0.35496813714244
"296",0.998652328903058,1.16628016527467,-0.389822676316959,-0.772195606749489
"297",-0.707573491553541,-0.884699600867387,-0.189528059084449,-0.692238394292778
"298",-0.877782990296131,-0.874871685109739,0.649663928510471,-1.15573720068191
"299",-0.79071563997877,0.0675554426157941,0.303249794810746,-0.434484015443134
"300",2.49859654017701,-1.20691685308299,0.553437016310987,-1.17344262417758
"301",-1.26137053374535,-0.443346680264887,2.28962562631404,-0.440346326207954
"302",-0.387736194319988,0.539899042972336,-0.201024188003491,-1.15128139254415
"303",1.02211317816271,-1.6570415809921,-0.756735155612909,-1.3364652470188
"304",1.08393499511447,-0.673744998945462,-0.372631227155122,1.73249902162465
"305",-0.772113278485826,-0.15477477375977,-0.0242862140512779,0.753757863902986
"306",-0.871074260062956,0.864162560186701,-2.04302009607714,1.18119389108935
"307",1.04429812677618,0.849320722656837,1.19059232233943,-0.571954510796872
"308",-0.824521942346428,0.233880532623895,0.244689067070566,0.437239414375137
"309",1.64498955473266,0.0987999009858192,-0.00997306641401781,0.102056041502572
"310",0.288581361581414,-0.522717757662375,0.235036877352374,-0.483697262539159
"311",-0.653851724626983,-1.61888726333316,-0.7926690405569,0.103359498030747
"312",-1.14106650848098,1.04817713348739,1.2483154651595,0.538950639837426
"313",-1.22373821404674,-0.159495752573775,-1.00244052127456,-1.17215870883626
"314",-1.36020946663772,-1.85415719946746,-0.159992549614533,-1.15769773285602
"315",0.215802239052476,-1.2667017580682,-0.2192543036259,-0.231551805882157
"316",-1.43767149214208,0.704488110471308,1.54378771724486,0.862423385331301
"317",0.370483683105556,-1.41020795890434,-0.179506438218026,-1.42534284573367
"318",-1.99342622698123,-1.84578654016927,-0.658074987333675,-0.512414888005227
"319",-0.879450448447374,-1.06275229393079,-1.06668357995424,-0.872439689573078
"320",0.0241057813528056,0.807525900999174,-1.795502350882,0.580645883244849
"321",0.177753603517826,0.540771279030251,1.98990117010972,0.464092266613012
"322",-2.00493443912448,0.817878544519996,-0.579781523369493,0.0567935546378003
"323",1.56690571319234,0.290720764514791,-0.699873943058591,0.226572166679275
"324",-0.655917799074887,-0.913130646778128,-0.00404172393621793,0.709973405507681
"325",-0.310889066035075,-0.6461296928589,1.26439942238272,-0.876756448960619
"326",-1.39902631819784,-1.42893303701751,-2.1503581057189,-0.81604576794737
"327",-1.20742753124328,0.421877103615482,-1.94779299925233,-0.26585825488205
"328",0.151842637082272,-0.23401834531359,1.90792658612614,0.0561479514720252
"329",-2.16393469484597,-1.54925845912941,2.43773789509775,-1.39817988467361
"330",0.474286255427995,-2.97626769343939,0.549177345441024,0.164281598647044
"331",-1.61187657984646,0.212561273192973,-0.337348116706963,0.171129092375656
"332",1.99252196367226,-0.753826135479971,-1.67590847546675,-0.131408633058103
"333",-0.0126824678523644,0.907857468411509,1.08611057684232,-0.0824599404468035
"334",0.172761524974557,-0.308392519044769,0.635365373334485,-0.837626988850446
"335",-0.510365949750731,0.22898977084225,0.353915967907386,1.73701959949388
"336",1.79553031208998,1.71198042169948,-0.815304099471413,1.97379371770728
"337",-1.20701471583772,-0.979808461366513,0.676544645997872,0.45682542422361
"338",0.708009115170949,1.89714658881976,0.887431787965333,-3.52485359238227
"339",-0.363891326053434,0.560244824998956,0.847862472926019,0.856036993625815
"340",-0.717524771427873,0.149133042219675,-0.161915673037307,1.42375698781629
"341",-0.21140833888909,-0.355453337730767,0.935189401249341,-0.857855356131798
"342",-0.18485978259966,-0.988772119162984,0.633879880465445,-1.10920120200874
"343",1.35797100540945,-1.31303157863902,-0.669244083815948,1.14243202246917
"344",0.726232456009612,1.71042629539011,-2.87945741123496,0.231940600112882
"345",-0.556598807982663,0.512942750709488,-0.242292482723185,-0.882244410220745
"346",-2.33966369516909,-2.09522997204304,0.598714053847784,-0.1454643058668
"347",-0.0816200527136439,0.165848438975437,-1.25446245255891,-1.22897173972905
"348",-0.293148134942864,0.209091367673229,-1.76545770363561,-0.156000560000017
"349",1.19169473301652,-0.328012530910647,-0.811901115343835,1.19125354691441
"350",0.263753134404413,0.18588149193907,0.896021684641421,0.95221863971674
"351",-0.219225430772394,0.613204814493368,-1.65782278537587,-2.33011453496786
"352",-1.07165819811233,0.225517914950233,-0.693389767457073,-0.133058114718269
"353",-0.159006177985208,-0.703525097273638,1.74990065570738,-1.61858360313771
"354",0.040236122290042,1.2498635229532,1.99020276258599,-0.850192913873266
"355",0.848753410119605,-0.895338707144172,-1.08425178286206,1.88698933057455
"356",-0.220866312363203,0.232711481445103,1.3254803861414,0.312746602998704
"357",-0.0451881192967041,0.102936133799802,-0.383368560700129,0.342908730288034
"358",-0.529137956409524,1.463061353513,-0.0200775151446743,-0.844325857545408
"359",-0.0872690771899059,0.471287694541733,-0.258038932713501,0.0107702461488271
"360",-0.904883593052167,0.607682376407299,0.672631447505867,-0.0626433573171118
"361",-2.42405471255314,-0.855368695672364,0.506505452718729,1.00819304659396
"362",-0.876729168830552,0.745683649902632,0.294796381665725,-0.410325938386907
"363",-1.69483689841246,0.944274212059016,-1.28443897826957,-0.546106639883241
"364",1.60811210195834,1.79468036838234,0.348365709520014,-1.34652608669189
"365",0.372922229682171,0.553690435824828,-1.0826634681081,-1.27693583411343
"366",0.369945255123261,2.68732000299364,0.827550459557652,-1.00839750662768
"367",0.269345656967349,-0.78844780586278,0.981242897951695,-0.964219928345971
"368",-0.499964830991974,0.341545784588749,0.676695379725737,-0.950829333701346
"369",-0.719910420679647,-1.26137379245133,0.399896401259862,0.622034915886311
"370",-0.280426265534525,0.0875932030632639,0.955074750558902,0.376299093877121
"371",-0.851779944870075,-1.80866546332273,-0.465376417890995,1.13989659793513
"372",-0.439511769182098,-0.182655251913024,-1.54260289819958,-0.00168474242789819
"373",0.417620692029353,-0.368720822002472,-0.0527112332766547,0.566253465482533
"374",0.515723697845131,0.828319164138733,1.24733530372931,0.840582289198923
"375",1.8271923454867,-0.784115370100517,0.663880432016331,-0.634543889023715
"376",0.00696905604885518,-0.158077722061965,-0.699910016386488,-0.565388339994709
"377",-0.422691611187025,-0.36911815605903,0.107862119092717,-0.839820162713784
"378",-0.100800866990017,-0.0922913355124644,-1.66402568510892,-0.917535792632253
"379",1.53794125840163,0.277024867512415,-0.240222182740802,0.281882722755009
"380",0.992591047276012,1.66424683367164,0.0870500068017457,-0.97112046712405
"381",-0.0465600749313273,-1.71444292442731,1.37303265923972,-0.396111242286963
"382",-1.5932897399997,0.955301996243524,-0.13030851650595,0.0438987240571624
"383",-0.722151131493999,1.48173708700215,1.08855813226857,-0.117240524644764
"384",-0.167996418755878,-0.583717185784698,-1.43221809356627,0.448329584093597
"385",-0.599864393668979,-0.167422197380789,0.735436605898633,0.593496440657023
"386",-0.939249350537764,-1.68579971516101,-0.462283441625075,-0.825310128187787
"387",-0.742909838420942,-0.63931920020028,-1.94517345017978,0.346152814610698
"388",-0.14270067716925,-0.270643364292688,1.16928205264622,-0.266567250916863
"389",-2.17764883135303,0.260910091085969,-1.2887018565728,-0.26464261265243
"390",-0.909377537200354,-0.383172300576225,1.24647721811861,-0.268892411687592
"391",1.41661039187121,1.52689976768151,-0.360229828736857,-0.447380866991794
"392",-0.0511402627111676,-0.043186160060551,0.114557176161022,0.31691346579566
"393",0.0744152230583408,0.698032257459407,-0.281180575972567,0.313060998213231
"394",-2.29303521016981,0.831487210062023,-0.490820668562484,-1.41460966434742
"395",0.0939575983559006,-0.889383107155971,-0.262622468931377,-1.47460361811832
"396",1.28393672829307,0.556889991508314,0.687229117082103,0.950633790138361
"397",-0.789112354351857,0.819253246476364,0.465281879900212,0.365585928905671
"398",-1.86571491758362,1.10396885250222,-0.0581215094318333,-0.324883679955299
"399",-1.35750718441083,1.54703206644981,-0.658473175515842,0.102497468247915
"400",-0.977482793267307,1.77993721252331,2.30035276478234,-1.10257646539722
"401",-1.20151829619613,-0.27029163640415,0.40729322646134,0.337793286986127
"402",1.38437867301116,0.184634330319641,-0.803001932670654,-0.341081417838941
"403",-1.20168824453155,-1.00872817848165,-1.28772242218894,-0.0559535754514393
"404",3.8958872978994,-0.379444757851297,0.688372617605415,0.412946251794327
"405",-0.16794417869796,-1.50935771195786,1.17491311084415,0.525509544424323
"406",1.29195881653983,-1.53802214619944,-0.736165084991293,1.09750045691307
"407",0.117593355197798,-1.06220910436545,1.25112303267729,0.653674345587025
"408",-1.03290465194879,1.41859035894441,0.55178782630948,0.541094210831997
"409",0.924697924677557,0.427115796248771,-0.10969726497299,1.66529967519015
"410",-0.132448469781674,-1.34200396645273,-0.762295912097764,-0.495951639172889
"411",0.693928568020148,-2.04719176131418,-0.248400100202976,1.55198276721613
"412",0.686363763662891,-0.0339478605643656,-1.35690987127403,0.423345466023037
"413",-0.402766250211649,-0.150422025113379,-0.00367511677821776,-0.144337272585171
"414",-0.244282936414101,0.389815111349433,-0.720541550950624,0.18805342843512
"415",-1.29053522962053,0.836323621088361,0.303697500502806,-1.37241976725464
"416",1.15998873664056,-0.00889494760590978,-1.88091773460645,0.40598469923501
"417",1.21306545924261,-1.05972056208085,0.131108207485071,1.87053610036329
"418",-1.53206368676844,-0.922600639629629,-0.0601320248565327,0.901454458036381
"419",0.288801348254714,-0.0281833880907448,0.567581792338241,0.577346690090864
"420",0.282909565566746,-1.48810633318474,0.640943538150525,-0.169337875308481
"421",-2.65229504454896,0.453483369193533,1.02875161202667,0.80837627108346
"422",-0.0642523868957839,-0.542690315759716,-1.39514906555784,-0.576943482394858
"423",0.357023134838294,-0.780850984288373,0.353977979351669,-0.485223916003418
"424",1.9574721050268,1.61967739015343,2.29231036477988,-0.676399819208399
"425",-0.213287185887028,-1.02379029815965,0.66376225462791,-0.630148651150843
"426",-1.68467276483849,-1.27516273393035,-1.86675241471688,-0.061521746175686
"427",1.66712181681783,-0.393004591685299,-0.244376321761662,-0.60109070855642
"428",-0.94024861781851,2.28907315809343,1.58999558304737,0.585552046159039
"429",0.06124427102208,1.16349128496602,2.21396096125957,0.717258069250596
"430",-0.0136520939500835,0.490009820222407,2.99265628458735,-0.0171889407061935
"431",0.450901947866773,-0.834013639928369,0.845994556581102,1.00090312741718
"432",-0.617614941593088,0.254413967116324,-1.29720387684885,2.35311333965699
"433",-0.550666953768099,1.6671439565473,-0.731694346536079,-1.3926159461031
"434",0.530099774774129,-0.467478630986546,0.632216795804995,-1.55600902881309
"435",-0.955160134525791,-0.807480650376228,1.09738197722794,0.832346193165514
"436",0.0403017785320529,-0.212633659172396,-0.288363571255095,0.182853218758967
"437",-0.299699163253135,1.83550798864341,0.77612302544093,-0.36908898675118
"438",0.501925337534497,0.862208971450481,-0.585492027156598,0.496615052044454
"439",0.550273855243344,1.42293632228997,0.370799742167518,-0.618226171596947
"440",1.22420924934826,-0.883468428996466,1.30324153203327,-0.0567636448255717
"441",1.48565272066739,-1.41178812244073,-0.484302087101849,0.783698750065441
"442",-1.62711294246757,1.29588106172056,0.155769566519467,0.142128436307837
"443",-2.81582158013616,-1.0279099978741,-0.480995829497008,-0.0046337719630365
"444",-0.220950833377925,1.15906723751126,-1.24570914259083,-0.308970437035708
"445",-0.581954580332387,0.140045105703819,-2.28038911811823,0.907050173578459
"446",0.537259773770382,0.0700235985255541,0.304944944405299,-0.333956671477352
"447",1.44676674882081,-0.794270092016752,0.724247203408827,1.79757034254889
"448",0.667078446110365,-0.653041272907596,-0.795255714919992,-1.18938745957244
"449",0.197333224486004,-0.54033523037007,0.0850411149236846,-0.611494083397309
"450",-0.52508298458487,1.76597281789508,-0.364023868046224,1.54222531677826
"451",0.548812093394382,-1.21350249234376,-1.02532727613935,-0.139204154453686
"452",0.185943289553818,1.8150237555762,-0.309662896304935,-0.164428816811515
"453",-0.951945408622909,0.239104485752418,-0.652504348955497,-0.0273559052021737
"454",-1.0508143981659,-0.0697877332595226,-2.30734590406498,-1.08071404259215
"455",-1.8238419233882,0.259551718902777,-0.829019138107952,0.780684641721636
"456",0.294869894896632,1.6822708175803,2.68146702296629,-0.400982143449693
"457",-0.147939241099876,-0.658047796362212,-0.533623453383039,0.824174777840557
"458",-0.52827854925365,1.76831401527081,0.532873388037065,-3.40005226023617
"459",0.254110375127855,-1.97610031140891,1.3210392618105,0.355773291869375
"460",1.83449493242361,-0.728216223125274,1.53700837597306,0.877494277693368
"461",1.12979479095716,-0.00971533050718613,-0.799071717517564,-1.76697756638412
"462",0.195393160964581,-0.445941063394769,0.235757119223353,1.43930024897225
"463",0.0389920969831254,1.4025905437093,-1.42648299597225,-1.20470952207342
"464",0.0531319584475616,-1.70734647525535,-1.14365972042222,-1.85337804275623
"465",0.217150149194516,0.911012734241207,-0.0511384462524212,-1.92842322033587
"466",0.618647258384262,1.99507255362247,-0.833998014074086,0.834542477133138
"467",0.270588364058098,0.225166431336225,-1.22726045974654,0.590298962438744
"468",-0.107973911768669,-1.74267192648208,2.13931063069043,-1.14279875501436
"469",0.0714668191426283,-1.99725857978004,-0.468975109593732,-0.243255624640369
"470",-0.535107081031763,0.67956026151468,1.20735829794231,1.4225508381354
"471",-0.456845300137252,0.0906822913767507,-0.801166141763152,0.258787028991886
"472",1.48292537729363,-0.754720016451116,-0.0577961519413868,-0.161465801517889
"473",0.248503098652564,0.594583010376702,-0.228130512433209,1.5736060318083
"474",0.216426837510583,-0.830100125973262,-2.43108689735167,-0.781036864632021
"475",1.87209932402844,1.12582750788849,1.71108560758902,-0.767393794096399
"476",-0.29843070239893,-1.02833862153838,-1.2019142985598,0.468740804330795
"477",1.810380668878,2.15497542513117,-0.409619124863687,1.73399823124914
"478",-0.917902019200844,-1.19005347917581,0.820797726987261,-0.165561946617392
"479",0.841346923461323,0.759046420805726,0.664175971291699,0.777628509178338
"480",1.07506851899333,-0.964327778044735,-0.0248957832996061,1.05779831244541
"481",-1.18187281429488,0.7568478380913,0.919772582455808,-0.701889338500952
"482",-0.388105282853529,-0.274296063215915,0.123159193672328,1.32648135691825
"483",-1.18386753769487,-1.05479220961376,-1.34795894081474,0.268200948018345
"484",1.25240354049895,0.580758373995827,0.377882421947516,-0.0691851299576467
"485",-0.789890362270787,-0.282996012731618,-1.9250016354142,2.31398356863542
"486",-0.554783665163512,-0.245341161688041,0.420274928032896,-0.107423833978326
"487",0.605919494019956,-0.366391928198187,-1.81133932778512,0.0658531087279018
"488",-0.874775167057197,-1.64912687326402,-2.73171697335451,-0.173994739243613
"489",-0.164618408423103,0.378856848255537,-1.75503032661502,1.4148831786302
"490",0.151968666087633,1.10552543747482,-1.36398951775629,-0.682715016186879
"491",-0.358728973584064,0.183486632173541,-0.0154341458992299,0.119671342656034
"492",1.70333273375821,-0.0553206454432209,1.43102983816094,0.240378342639037
"493",0.159373305361007,0.68490172457179,0.638594209263679,1.21667888504205
"494",0.779925373035206,-0.83684492833236,-0.0884758929156168,0.452837839448196
"495",0.97607483438499,-0.526087939825515,0.441734801412626,1.14818355422505
"496",-0.921015472584741,2.04925684405013,1.11568489406361,-0.468277764550046
"497",-0.00978932705720404,-1.58723146911195,1.39288073210081,-0.381357178589649
"498",-0.0782241357697131,-1.09143948400387,-0.474801015753906,0.452526426249685
"499",0.0399244441183163,0.608055071393588,0.400326310640347,-1.609201088749
"500",0.946823607715076,1.34115174760286,-0.297958923938459,1.07951469573238
"501",1.40227525023801,-0.3459765726015,0.215072857984001,0.988720911675971
"502",1.30105379989111,0.969395753596555,-1.61899107614835,1.41091705081701
"503",-1.49410883965743,0.747311610928133,1.12092151433791,0.237858196522619
"504",-1.07546618828216,1.114737344376,0.00287190419616878,-0.559950792720283
"505",2.44856027186842,0.127881737522272,-0.504838783888628,-0.0646156780309349
"506",0.900375828353168,1.0116591575564,0.924883431853634,-1.34178347023348
"507",-3.26317705649542,1.76836607249462,0.527783855984367,-0.741830550394796
"508",-1.00716062636058,0.378339900855205,0.893260456555232,0.26633539410725
"509",-0.990155902039602,0.0722346166642146,-0.35250074910912,-0.742180204731253
"510",0.532843590266393,0.672700122919468,0.511002248928191,0.925403626823676
"511",-0.932984004521942,-0.0199705035403957,-0.273231251990949,0.284144759025611
"512",-0.515746274383616,-0.943554574539915,0.833584593458171,-0.779837522145922
"513",-0.639662114341247,0.423815914144854,0.51027072725167,-1.61821754647324
"514",1.1505259847993,0.044329995526294,0.354966820159797,-0.694799855748378
"515",-0.25461032145178,-0.661160713644252,-0.584481806806999,-0.165628587914522
"516",-0.405014177018527,-0.996355441369802,-0.297871483807783,-0.125091510528208
"517",1.24959007035413,0.573688447383535,-0.618386652925818,1.71650497241497
"518",0.133944592967299,0.30627426185851,-1.36545494381649,-0.262111175055168
"519",-0.461404828756279,-0.0489371154527256,1.21662025412768,1.42128878058487
"520",2.16175876883281,0.983136966456818,-1.94612221422019,-0.641558415427501
"521",-0.468889667997192,0.682791482145849,-1.92759637693761,1.45861381908774
"522",-0.219712577249781,-0.905908517816411,-1.01121337813186,-1.54414326524015
"523",-0.353894432167481,0.0937227113372621,0.691706559625921,1.1191842522463
"524",-0.74833284086947,-0.901518609718399,0.917800902977965,-0.998741810657249
"525",0.565244779114707,-0.0116634503646278,-1.0737171713499,-1.14467589069745
"526",2.15981917432831,0.290296125426396,-0.430611874174755,0.32715837709849
"527",0.810326021534293,-0.437719454140271,-0.064212124708595,-1.24514313829506
"528",-0.191887140974485,0.151911220679712,-0.324496544156036,0.713077067199238
"529",-0.419618811074033,-0.238607049587879,-1.78221661370544,-1.05967486311716
"530",0.0553074332516856,1.01236180735536,1.07799248901706,-2.96064786407662
"531",-0.101690810488956,0.153147918364977,-0.119121621108846,0.510499786986293
"532",0.990142857262541,0.433997611149957,-1.29139791235293,1.54104516093968
"533",1.68986956464317,-0.600099470772954,-0.266436188991745,0.225061553490167
"534",0.354071725104643,2.53118082749912,-2.65459589808477,0.569314390142721
"535",-0.307831480274339,0.318834289623625,-1.34115392041457,0.923334725446623
"536",-1.59246135072546,2.46854929096965,-0.683829417269057,-0.529148300307798
"537",-0.521867800122439,-1.157314135886,-0.121244691968085,1.27014421465984
"538",0.0634648753625917,0.89062724563937,0.87934611007869,-0.964238867281838
"539",-1.05429011418204,0.241312463066945,1.10150341252643,-0.3559448533485
"540",-1.11792171110761,-0.57698799766842,1.04451199730136,1.17798201215479
"541",1.39941303080023,0.4018621794368,1.40869689238265,-1.03680909822056
"542",1.03474968489651,-0.580070922437751,-0.540377046750719,-0.874922519000331
"543",0.000920684404646266,0.884708548533013,-0.239252956706392,0.202082882732649
"544",1.51696779486681,0.121004151139423,-1.71935688883557,0.449053725151973
"545",0.571884077907521,1.23289989963595,0.903443504517838,0.479190118244999
"546",0.976586431802345,0.450992396147497,0.435040447405213,0.428528488636634
"547",1.57465735038297,0.543889353661412,0.801867202169609,-0.941055173291964
"548",-1.02475157380848,0.398010111888076,-0.921229705485717,0.659672434445426
"549",-1.15799942453385,0.228457443807405,-1.13287735236482,1.05481261717772
"550",-0.0180085326408332,0.557491666614714,-0.451073401611715,-1.1692989624193
"551",0.319569682687398,-1.20771525714266,-0.996310798369727,-0.130363824482492
"552",0.295206019236858,0.896144675173166,2.11181411428828,1.02019490714629
"553",0.584312061685333,-0.466683435590068,-0.914045938406391,-0.496598325630388
"554",-0.176498780075658,1.8065956424158,-2.65758566838504,-0.237817288766982
"555",1.7697906696329,-1.55701184263369,-0.365232883836081,-1.01940889926076
"556",0.361348117393883,0.56220880818952,1.36156695948629,-0.338969395422798
"557",-0.109694703296522,-0.279167069480797,0.452063225714714,0.120966577349855
"558",1.78640290805766,-0.267188784053958,-1.31210107357016,-1.74728178149063
"559",-1.14860814812434,0.92331658824583,-1.8089427679867,0.398037085837935
"560",1.71025174306204,0.700440085028719,0.724149703866385,-0.453753270456112
"561",0.998231461967299,-0.389835223124335,0.415289018701253,0.0894080704300365
"562",-0.146122581763014,0.836742085831645,-0.438386658802605,1.05884512436253
"563",0.721403760452716,0.886922004066302,-0.0806994002130893,2.6751708371664
"564",-0.526385432628342,-1.33603655102797,2.12967168448776,-0.155624022668424
"565",0.835098473904385,-0.596479270515326,0.471875835383436,-0.983746591597983
"566",0.689990358688372,-2.29245957993144,0.164607818895211,1.18447380781726
"567",1.08901935710833,0.286470722964802,1.10336803119687,0.610429879299106
"568",-1.84697556995891,0.547551203329357,0.750243088382826,-0.808779113869852
"569",-0.919473392237211,0.733260055501581,-0.0146055822068472,-0.207816334241979
"570",-1.36639251925056,0.489748257443785,1.52911130550215,0.762046969949985
"571",-1.10268968109372,0.119115060754654,-0.548657309041973,-1.24568309797771
"572",0.113103064603311,-0.553590979923674,-3.12467225011405,-1.2395142553719
"573",0.0893982237974098,-0.11383742195609,-0.0569230504965835,0.394972645035451
"574",0.0960246247783946,1.7056902155716,1.29899324973316,0.846321124171257
"575",-0.95190538725813,2.29877216542842,1.4455161739583,-1.19329180293879
"576",-0.421367707920784,0.718676989058214,-1.56695989385285,-0.803974919433869
"577",0.954532848423334,-0.97719709363904,1.78718307603826,-1.80688242795023
"578",-0.299838582013337,0.348282063676131,-0.0376887075050788,-1.00854553071207
"579",-0.118523781938809,-1.43975158794287,0.699546203375343,0.290554489852102
"580",2.67908024809163,0.563082152178621,-0.0351356268647586,1.58993619503689
"581",1.63705190096231,0.202852218107266,0.437175670764803,-0.520787211328539
"582",-0.879390878245927,0.158718000741304,-2.23624484704721,-1.10285044420234
"583",-1.66121874108335,-0.508289587596865,0.745870601195939,-1.57262855061092
"584",-0.704767104520605,-1.14090219513238,-0.193762260570905,-0.855349267477536
"585",-0.891408830528443,-0.267096959085081,-0.471625264042176,0.646290470245668
"586",-0.759433387574744,-0.0125758099053097,2.07733812085519,0.532779161610116
"587",1.90125016991988,0.560264388814141,0.981200621299921,1.02795928191387
"588",0.718939209820618,-0.669274947930629,-2.91263834569919,0.231819341836727
"589",-0.222382360155673,-2.86510288750683,0.0914596256346105,0.169526077915806
"590",2.57570766694696,0.167854512295861,0.564464567820186,0.285730527984504
"591",-0.625145365563667,0.214121471585629,-0.365109145829988,-1.58612214280012
"592",-0.0544104134134629,1.00028995631116,0.863735216942031,1.62929806944873
"593",-1.27746896856781,1.72468064904786,0.263650182508773,-0.960303050142404
"594",0.475557136733962,0.37276759475188,-0.933858215770172,-1.2498336809519
"595",-0.133018412377163,-1.56034781478971,1.14968514734547,-1.27202615845689
"596",0.799632425792796,0.271172633994261,-0.601695452175505,-0.712172963659221
"597",-0.80628351277164,1.18272274053319,0.510773851524627,0.902255148289207
"598",0.470622443435996,-2.07337782235039,-0.630754226241168,1.2557840215913
"599",1.05151624310479,-0.9604890414952,1.13311657884062,2.07421130716723
"600",-1.17321071955614,1.23085957692078,-0.00304544279140825,-1.62057862986523
"601",-0.763989460404496,-0.379887607152528,-2.2526735737271,-1.271980252291
"602",-2.03068942942507,-0.28161348013446,1.53092296056921,-0.323633153657297
"603",-0.0301551401826578,-0.697117070104675,1.3620644262476,-0.0273154113156806
"604",0.283229864286813,-0.212176679366846,-1.52338823243018,-0.943890191688032
"605",0.227328785184798,1.24311554603341,1.52444116946637,1.4728554418678
"606",0.344145284850527,-0.0862726093274484,-0.781379436238756,0.213201205745835
"607",-1.22312708993456,-0.0797431121208904,0.150790935562507,0.434823558697364
"608",0.831163894044525,0.586607773325164,-0.463464167267804,0.340111124375937
"609",0.405933224397307,0.829952051037221,-0.698811734331788,-0.520905275992614
"610",-0.71762458625637,0.672961029485517,0.160585662183768,-1.36019750262205
"611",-1.00521293477361,-0.735733836340056,0.716913452390951,0.86698593856793
"612",-0.333931766264257,0.918030037034171,0.334391337477613,0.0465124514444274
"613",1.08173619451691,-0.072107793586345,0.725641346972162,0.249790448755681
"614",0.914028835916483,-0.150382624190415,1.45758534980972,0.862794802214763
"615",-1.2383054561138,0.233744981386063,-0.682871367355057,-0.89321197561924
"616",1.57949197692797,-0.983471799422437,0.177021051872021,0.187323021732842
"617",0.116868911477751,0.386514506804326,1.05561308565858,1.36346493263549
"618",0.481880576866112,1.3402537212784,2.17669134722474,-0.427350512462621
"619",-0.686776019193534,-0.208535077162115,-0.249212278183182,-1.69077878732884
"620",-0.458132455863444,1.82901601835534,-1.27542826772884,-0.55656330841746
"621",0.618601607463839,1.98558030433129,0.949919305333996,0.579138763559272
"622",0.607989109502307,-0.171461266893452,-0.843254155951916,0.353853216430109
"623",-0.753243961935109,-0.909612041313196,0.0234276819880614,0.38696141645804
"624",1.7282521310161,0.133115357826433,-0.351447029876209,0.833966642517087
"625",-0.222170604165014,-1.09354518243003,-1.62576916175155,0.693492267992252
"626",-1.63877756731856,-2.26541624339739,-1.57418545020549,1.42417154139941
"627",-1.23826834924596,0.88564990666806,-0.853917259655089,-0.980552432230972
"628",-0.0163476408097774,0.910687078166173,0.129882097252017,-0.448818622468142
"629",-0.756786416852259,-0.224649878011553,-2.02738561395993,0.964264961214938
"630",-2.17182108033868,1.40000369453536,-0.616800970376495,-1.14239229657265
"631",-0.154893336206598,0.515448333790565,-2.06105801049627,-0.812617775952895
"632",0.739153048777659,0.0259539878505586,-0.435811731007561,-0.837628287055808
"633",0.536281623735443,-0.400052997113611,0.290715794644953,-0.080525144903027
"634",-0.28543372290459,-0.456692086524013,-0.281691564469409,0.138138332625706
"635",0.402404978727789,-0.298123740767801,-0.033897031255006,0.377122745752661
"636",-0.433097912000761,-0.127201458232383,0.155053853723763,0.729465341573417
"637",0.51109407655936,0.987058511115543,-0.835547084283512,0.106148888335224
"638",0.901086923535544,2.74223860995375,0.670906886397399,-0.115624897798394
"639",-0.0365426025708818,0.64032952377287,-0.0759900925768077,0.623702809136695
"640",1.82904923683485,1.59757130080847,0.398199133764931,0.0952030702071871
"641",-0.903124605278218,-1.71487953507363,0.425522980845645,-0.732790288546033
"642",-0.403666238140302,-0.145502000475503,0.435424324865625,1.71113930315018
"643",-1.86333260746161,-0.710937031382291,1.34178965533221,0.694728697297114
"644",-3.10358701440156,0.502816207246115,-0.188356572378578,-1.12713846730432
"645",0.157888651367712,-1.47007458485556,1.07404233869251,-1.11962218006713
"646",0.994609331643183,-0.648178275769175,0.517412430956073,0.753901782375358
"647",-0.30428066748018,1.55814734642179,0.214631770751334,-0.656522195042555
"648",1.09262440346056,-3.11955118187665,-1.60438037700873,-1.37244414123077
"649",1.80372403198413,1.560644003896,0.462923850992958,-0.166031612934739
"650",1.4327882291487,1.49445778254885,-1.01598639745742,-0.532117860368554
"651",0.672013498087364,-1.27701231761798,0.564361594395525,-0.444799882333292
"652",-1.20939212854066,1.89553865783247,0.333241878764442,0.523275666563292
"653",-0.89808440941486,1.23715891746532,0.641204795218548,-0.433827643544375
"654",-0.112229267857825,0.511193757561217,0.808557303242253,0.329985840388847
"655",0.866425640638665,1.26639943333149,0.498163816232714,-1.7355347627657
"656",-0.114573038726137,0.671856368136346,0.423980194691812,0.476029573065661
"657",-0.975034923109018,-0.346893866645046,-0.811183536296899,-0.79310731100889
"658",-0.781816098746525,-0.697108780030638,1.14911512485394,0.08242511915566
"659",0.0455470718764538,-0.637572174561319,0.215151334667046,1.19607750522183
"660",-0.253549898534642,-1.85614403271227,-1.65287390263768,0.154278641062828
"661",2.94702514174996,-1.30865439603528,0.125938851849395,2.06525693634412
"662",0.552370539816121,-0.351647132518527,-1.06058173817166,-0.915799519511943
"663",0.0828245771042918,0.256249223289379,0.261223448987865,1.9287647775393
"664",0.705753453921167,-1.66450374878938,1.05504607339454,-1.39540119294896
"665",-0.615538762420371,-0.292863433198851,1.35820529459814,-0.653060507600832
"666",-0.702291223205101,-0.898697729150833,0.166794065399047,1.21712767007656
"667",0.737179061150353,-0.663205137690331,-1.7327920609119,-0.0474095521229437
"668",0.116648414331419,0.426265722823398,1.2407889664193,-0.997838061953174
"669",-0.755697773621353,-0.262929495727048,-0.369049282101238,-1.15237294553846
"670",0.8492027065095,-1.37075625413049,-0.591221753450746,-1.74905450507751
"671",-0.867531242323272,0.898466415624956,-1.09546331545774,0.8960641961087
"672",-0.161696968601157,-0.129021254829528,1.16403959062897,0.602877079135987
"673",1.53021842868303,-1.03629678038475,-0.741129546739603,-1.49081430740843
"674",-0.851342567200658,1.09585521610653,0.290081692820062,-0.389128150678453
"675",1.4320865614293,-0.70144680234259,1.31084321244052,0.1223017915367
"676",-1.00865825413877,0.730343253427416,-0.000608955945390795,-1.71522200829622
"677",0.380262655009664,-0.691983494281373,1.00793440811424,-1.90206621097008
"678",-1.3489959668792,0.127308050658816,0.405071092057377,-2.25873139446403
"679",-1.6144848523656,-1.23104778995689,1.83795465170493,-0.588185668098764
"680",-0.433671388254382,0.713389712442095,-1.64614461988526,1.43726142701697
"681",-0.034999384032194,-0.691421029220075,-0.679318043554406,-0.637547547864799
"682",-0.882879913815076,-1.1581537513616,0.240497548246046,0.525736899061595
"683",0.366967069796711,0.682237148109158,-1.45049615932321,-1.02436316917232
"684",1.00702714326487,-0.825163961333395,-1.36586429052391,-0.871653911106747
"685",0.20375922958185,0.481182055889269,0.172562191899847,1.98118782590709
"686",1.04283110957642,-1.0974534149518,-0.351636634787747,-0.292212898792111
"687",1.20614506120273,-0.785963355793145,1.3864128409781,0.50098334939376
"688",-1.39936300472402,1.05902668306395,0.0161761506386313,-0.104961841652183
"689",-0.50197421210774,-0.500775898718659,-1.36694832700961,-0.483607091930733
"690",-0.247231672338956,-0.535548936793287,0.808228716404394,-1.28298732625154
"691",0.487006611470195,-0.494531542583603,-0.359005043812969,-0.315746653304143
"692",0.491654438697034,-0.376724420539577,0.735127847136705,-0.261038204292652
"693",0.682212271845379,0.76020123394794,-0.0472452718923107,-2.23423303119223
"694",-0.0696332993377022,-1.00837915049116,-0.95288886071864,-0.588114051899001
"695",0.0887978284988246,0.879478978141519,1.22274114197313,-0.280817184819925
"696",1.00243467935133,0.376361571813756,1.68429327640147,-0.260765592391103
"697",-1.05159869614935,-1.59604046027206,0.926163055930064,-0.218939530527307
"698",-0.344525338514932,1.1609361786733,-0.184141582056394,0.696076085282034
"699",1.03193216120569,0.864468333725689,-1.20665982321514,0.372526192171553
"700",-0.53039652501379,0.561045272905561,-1.15773143514244,0.620205304553926
"701",-0.724885954620211,0.0529698459296324,1.11587986919463,0.924328429796442
"702",1.26366276341826,1.7673403418347,0.0977431162333746,-0.0881483570211
"703",0.390456163920908,-0.221721670916998,0.321333160904006,0.767217924214807
"704",0.612498919182169,-1.48453661293077,2.33187356328621,2.7355002525438
"705",0.0205776055909439,-0.250332093804189,0.507107425510626,-0.00996725458492033
"706",1.23088574541808,1.02429772323863,-0.0983329008349512,0.732346067588916
"707",1.76112386978023,1.67445327862426,-0.487966760763861,-1.33580812123597
"708",-1.03242084719508,-0.282643950734397,-1.11179269707179,-1.12958290631399
"709",1.76529378137839,0.28344854877885,0.0891475158791545,-0.220257945061981
"710",0.0034156198168203,1.7429997201619,0.106741381887067,-0.59960844751104
"711",0.00294811031936387,0.235233599115602,2.07692318324576,-1.35046517737169
"712",-1.54932246319685,0.956736018254984,1.19775335336183,0.048700930790675
"713",1.19225214124391,1.15516817875043,-1.42818142992925,-1.44603401102848
"714",-0.970101322196716,0.750235574703288,0.858971656164195,1.34860589295445
"715",-1.75148153926919,-1.2470985361268,0.304166905093715,-0.991755628854467
"716",-0.46629475729374,1.72235115213732,-1.16377467266953,0.921226651977176
"717",0.375550087836668,-0.671297381999773,-0.87122321960679,-1.3962238538712
"718",0.00372460336454214,0.165204880160399,-1.81745931602174,0.366316209773611
"719",0.699766302544337,2.25077387449195,-0.506033434340492,1.33917909896261
"720",-2.43444913831009,-0.633344488334628,-0.610124141672458,0.138398698355115
"721",-0.241865279909918,0.623349526242548,1.23578459146403,0.331976447295291
"722",0.941050477610285,-0.497047479252399,-1.02971019778543,-0.175065485173848
"723",1.03102273393865,0.662736326485707,-0.101732402418694,0.699773170706149
"724",1.48352429497792,1.47742514231034,-1.03367770376668,2.22610577870527
"725",0.373713315388674,0.640714297332832,-0.0887189093455479,0.982445580501403
"726",-0.258969247668974,-0.45880413613385,-0.701533927907389,0.159091119262582
"727",-0.724221299604053,0.380760577249867,-0.644897802826573,-0.233381339311137
"728",1.76326365877282,1.43503004700179,0.895234179381949,2.24410399114772
"729",0.15884377672491,0.359028497269293,-0.755114024134396,0.0521797468755566
"730",-0.406700442598439,0.899873248928542,-1.31081380981849,0.172398163171229
"731",-0.388218219663173,-1.51867403960868,0.408242234185117,0.478255931440226
"732",-0.4702285350058,-0.113975024716443,-0.496221639036347,0.441586278799865
"733",1.75685335289918,-1.59103103477701,-0.197652168901407,-0.267243155379941
"734",-0.180627327232613,0.300191959926153,-0.882206511430112,-1.08959168191949
"735",0.237002752271024,0.461271622845819,-0.0859734365743189,-2.35429231734807
"736",-0.00944456075054756,0.766740057078252,-0.743514592112474,0.173837679258556
"737",-0.456358628565294,0.931230046672116,0.547853646311118,0.402232980347368
"738",-0.0624408850839396,0.430214209038298,0.582593573461702,0.83678432258663
"739",0.609727225619711,-0.415776931207295,0.622045554326063,0.868144545861092
"740",1.04820741091807,-0.569389382420778,-1.88349500356152,1.49260061244867
"741",-0.0274944735234932,1.06748895743474,-1.31531674306961,0.08324385662854
"742",-0.145231095468115,-0.341176752724956,-1.71235146745698,-0.233506445786532
"743",-0.842943695922813,-0.164871655785142,-0.711040574548716,0.255764418590825
"744",-0.177555148923129,-0.427671264552725,-2.73702685692576,0.180011779699114
"745",0.693409504577114,0.0838794938914341,-0.394913170106992,0.115469343018784
"746",0.891456797616857,3.27132898420768,0.249764615901174,-0.308257895122688
"747",-0.308434703326364,0.544459296281396,1.05989649034093,-0.0563643804771655
"748",-0.458603233708923,1.25827816297847,0.515978494431191,-1.10352016048324
"749",-0.39910035321616,0.377389698832557,-0.337176170792922,0.205103153411107
"750",-1.13419030968612,1.12969022512478,-0.714909751086662,-0.138207725247576
"751",-0.370850192844621,1.41028183970926,0.274303976456156,0.688631966196502
"752",1.1590766395303,1.58059415897049,-1.27065689596176,1.88123742414019
"753",-1.44778390404959,-0.627616979559795,0.813199851508338,0.305624810254667
"754",0.945707428649109,0.28997189563104,0.039426750444246,0.200421596819283
"755",0.313392166672755,-1.69819742280337,0.848090679649035,0.789725956166682
"756",0.535978875173981,2.24288556104032,1.82500663444896,-0.226399561637812
"757",0.436077716819407,0.249677865437912,0.581298758441988,0.0629057425382013
"758",-1.1618066084262,0.3727750458016,-0.081622016189241,-0.137868069336962
"759",-0.885036079584877,1.72276792117453,-0.0755870736526896,-0.0553644425210569
"760",0.172973828923264,-0.473776895872855,-0.147891961381188,2.14590171726986
"761",-0.369238903058069,2.33982654592243,0.786167795838324,-0.517461097528898
"762",0.23977886769821,1.66186937937435,0.160133923333681,1.42662685332562
"763",-0.0874703410518835,0.229439946719215,-2.03167864506399,-0.977678103388445
"764",-0.532006276590529,0.407017486382167,0.742617630876981,-0.891295821796515
"765",-0.595206599415487,-0.599872879921475,-0.845787992899879,1.32606512217074
"766",0.72455104866452,1.95047943770355,-0.480341748900268,0.47459177196349
"767",-0.148052681978357,1.17391515571013,-0.342378289381994,-1.95506105081374
"768",-0.257957140009481,0.318189769445052,0.362055615722113,1.15952185566103
"769",-1.7221966207178,1.83067495186242,0.0214263556683442,-0.924451628146256
"770",-0.00671313043536865,0.15739478218383,0.0889914625069915,-0.792983522198177
"771",-1.2744187403642,0.678647141529507,1.47596257905086,-0.454133557296177
"772",0.586566313286441,0.758415443802545,1.05803555731578,-0.837323834021228
"773",-0.402666575705212,-1.09943593974658,0.728828642900577,-2.00582794318004
"774",-1.63068049794258,-1.44498252107102,-0.793232852998743,-0.0798023740067555
"775",0.872198493721699,0.177997472033243,0.0847436269338318,1.11867361282048
"776",0.825525150581488,0.0975599371577688,-1.02041269159488,-0.0884484679596077
"777",0.160720318796596,-0.837599368050044,0.785606748056408,-1.33771360499854
"778",-0.633657926818814,0.472345106348224,-1.93641635895719,0.333905559307511
"779",-3.32350549913112,1.84714203400698,-0.392175587201253,-0.570278546026606
"780",-0.0653432125225703,1.35514552832478,-0.363482671638542,-0.915550893721162
"781",-0.0505932299557287,0.0635147742465668,0.363475527193677,-0.0695413122954349
"782",1.40258664295651,-1.63636917182602,0.116297350461369,-0.476281593565537
"783",0.206466123618749,-0.975494284632616,-0.479196842980752,1.59320221762477
"784",0.429218474656511,-0.325152648530001,-0.833042696793967,1.08765879894552
"785",-0.153916137085571,-0.895078312700465,0.765855023878728,-0.132513242603259
"786",-1.59745565981119,-1.11192311670555,-0.141410034681564,0.245156589818529
"787",0.672454389716923,-1.35087667680621,0.154008680384606,0.792757215486106
"788",-1.75385913559579,0.678701158565025,-0.27138050496893,-0.0314260212667932
"789",0.765798551923226,0.534265060328351,-0.297458337174877,1.75154887334293
"790",-0.775915767163634,-0.290887984217045,-1.61621131287572,-0.459034336629079
"791",1.21874437141368,0.0615908066626196,0.902519161168833,1.43466689647768
"792",0.185244824407352,0.0370745119531186,-1.26728966897256,-0.67572117018646
"793",0.602467080354951,-0.78611860482728,-1.04839119118656,-0.764505762410456
"794",-1.19306079131899,0.277259019479676,1.70739369855882,1.8306633592687
"795",0.750189122698391,-0.399908097213925,-0.216762706268842,-0.822512706126698
"796",-1.12766458990849,1.13740415504499,-0.599098842829611,0.788456389814162
"797",0.538423934948023,0.217383428068464,-0.117605411346375,0.854712682523183
"798",-0.0835139172933763,0.201319768232386,1.50343756890584,-0.220189904733741
"799",1.54339340866336,0.62088216865327,-0.105829728529077,1.11848365032993
"800",0.400094701396427,-0.858675217981488,-0.269702220790302,-0.401704578394146
"801",-1.43478033434311,0.62938363431699,-0.236902517288767,-1.41659351701269
"802",-1.85085078884511,0.0891201355318147,-1.12465505761824,1.75699574082015
"803",1.12599477216161,-0.914391789948117,1.18731807451444,1.02025626333368
"804",0.222368201356167,-0.213114154309167,-0.570756563950269,0.571222573951275
"805",-0.55990840796928,-0.974333950065342,0.046031768474847,-0.541051450834328
"806",-0.523156041955988,1.46347463062994,-1.50605654520682,-0.676845684807777
"807",-0.591742113266084,-0.777805613823107,-0.632889318925624,-0.890303991489907
"808",-0.0231373961731499,1.01951915866111,0.302960407944913,-0.503891286744512
"809",-0.73695797232754,0.851647403534705,-0.404304518215776,0.209345658796259
"810",-0.606341465185337,0.42541783270935,0.192913681576885,-0.10223463760951
"811",-0.123010721566238,-1.13286644569828,-0.0671051369591635,0.682618845466688
"812",-1.12601009169198,-1.28814206900729,-1.79473480792853,-0.267684286796689
"813",0.800633289536702,-0.838961113818136,0.686344783630897,-1.02079240699917
"814",0.0418864011187872,0.852814414304865,-0.346385559991486,0.329740177175086
"815",0.0653132634534635,-0.52719439527575,-0.10280554951788,-0.34496146234329
"816",0.575785510432064,-0.915515281149895,-1.26094666198688,0.888290559252302
"817",-0.886275628803236,-0.203926109483537,0.19453383972681,-0.432033288573653
"818",0.614662024755157,-0.607193433562158,2.09932825528164,1.07143808501051
"819",1.64696821006052,-1.2386830153383,0.392059239742828,-0.617637878975237
"820",0.240523166446026,1.39663323054684,1.61004846100398,1.29548945616524
"821",0.451608570582886,-0.259676437711421,-1.84996482998859,0.530663157454703
"822",-1.53130150603917,-0.133251005119513,-0.766191539482915,-0.311046305894111
"823",0.0217579339951918,0.122811874724608,0.217445299869318,-0.0975144195776891
"824",0.291428683331805,1.0453961377585,1.49853536869415,1.95234574023083
"825",0.809635372285897,0.123607039291057,-0.638398732845897,2.15427428266733
"826",0.00494553414895589,-0.847118320143475,-0.171418212774534,1.71326056957584
"827",-0.856595001727225,-1.52705358956845,-1.10990202877061,-0.490556351764894
"828",-1.0867775110884,0.617228391738831,-1.19737112916098,0.424938028036565
"829",-0.0790256024024318,-0.663912782570861,-1.05890206401423,-0.131965211645764
"830",-0.449669222507694,-1.37428490151518,-1.19817689077107,0.841176178986306
"831",0.690069906191378,0.710019111778687,-1.59478471438636,2.21720789086478
"832",-0.37741590418647,0.39775731225546,0.174880545210896,-0.924875093285083
"833",0.762916703678543,-0.202709458103299,0.621565335034386,-0.535567139703665
"834",0.6973240958036,-0.599199812213474,-1.41561319275331,-0.995276308728268
"835",-1.73809183955001,-0.674494482809119,0.836504563828837,2.12737611525104
"836",0.0644182898566183,-2.1706420927435,-0.80906914699433,2.0094835658781
"837",-0.873881965828881,0.181293034425194,1.02963310607465,-1.16731006031557
"838",1.97936789083888,-0.646858474421352,-1.36388422905462,-1.5414398563506
"839",0.6978493339926,-0.760551741430651,1.39163371653146,-0.433825999561182
"840",0.442877801095859,-0.440214086040531,0.816881758930641,-0.785612749475814
"841",-0.121515277930535,0.351566917622178,0.534322906116548,0.777196502627745
"842",0.230546502728692,1.13382885849888,-0.761584796794885,1.48241601334083
"843",0.123635990298326,-1.27639182093802,-1.30482624500731,-0.497594804454266
"844",1.70948486072446,-1.50466677952547,0.295422066682975,-0.251993853023268
"845",0.432988625730886,1.39489563656647,1.08359809322319,-0.383239207506001
"846",-1.44984622040647,0.335616372683272,-2.66365166627803,2.9481135038377
"847",-1.00177338954561,-0.623482131876893,0.59868358287063,1.36078260803367
"848",-1.2607771962342,0.249117337403651,1.52461675741033,1.95124977807024
"849",-0.948279694376255,1.14295032679929,0.19673461727347,0.190389159051743
"850",0.891587104939596,-0.853934086892958,-0.22604712467885,0.327136913038239
"851",1.59102675747867,0.810708450974757,-0.344086695352003,-0.396553037967588
"852",-1.49523811779823,0.148813026404652,-0.465370999658441,0.791211749612019
"853",-1.10684301435107,1.3660477089837,0.0282563304165873,-0.723092084109064
"854",1.66809978178044,1.21994742229124,-1.32888127673737,0.379669811300199
"855",0.181202285610874,-1.20094079947915,0.0406837114433259,1.25028547048997
"856",-1.01989054913176,0.0469190545971918,-1.54847566348581,0.413401326176188
"857",0.997303633367481,1.66444978488268,0.380408541054273,1.15356860258889
"858",-1.37978615580104,0.435862131145339,1.22176804182299,-1.94656786811147
"859",0.443551505911889,0.138113902539435,-1.17253484511835,0.74064391432666
"860",-0.106390712937681,0.674353720849715,-1.25858976740984,1.30170556473059
"861",0.122413232339832,-0.283390356258659,1.01163954136894,0.360612895783545
"862",-0.197851403590261,-1.56251592128113,-0.36772929444558,1.0844824586709
"863",0.104599716700582,0.963151386045545,-1.59362921524019,-0.434415152504555
"864",0.0593862452078,0.571190604653177,-0.739343117507833,-0.519024999291085
"865",1.04572126259897,2.65078940932877,-0.425179265299528,-1.38621808756647
"866",-2.33815945714911,-0.196812842543317,-0.643794313374065,0.952727601014839
"867",0.932325339619613,-0.556467068631131,-0.343285047217251,1.33228307088085
"868",-1.74216489357653,1.1630534561107,1.42581075560674,0.111924947906918
"869",0.378417411114478,-0.145859510153532,-1.70813116038476,-0.498740121709259
"870",0.181563012060475,0.68195432897489,0.320862983259667,-0.444890156796202
"871",1.04743377258038,1.40445437056834,0.116207934231166,-0.731466263569539
"872",1.33050098946929,0.503039851603297,-0.38585421564623,-0.13360586430758
"873",0.861193686426169,1.75596946997749,0.542689634117051,-1.41516489403592
"874",-0.26136365366437,0.234883242326067,-2.08311198618863,-2.51178308881079
"875",-0.892719694700557,1.58943018389292,-0.605982267290803,0.674672649105424
"876",-0.11506548400098,-0.204974631389708,-0.813343184285111,-1.78612974353079
"877",0.811871771100683,-0.326250596658418,0.999385396969952,-0.695349312635823
"878",-0.514909281780955,2.03222545136404,0.0801681858018163,2.62619714187654
"879",-0.569034567297478,-1.32613700666362,1.07813541941688,1.86319771681804
"880",1.01949535068507,-2.21829755573905,-0.405231719875209,0.187732562147693
"881",-0.749419044148792,0.994849629467,0.201102370669928,-0.719270919855158
"882",-0.542895938670304,-0.340425948469721,0.587680087666059,0.468310739960336
"883",-0.296872266980802,1.1152135488832,0.990486139925578,0.0626302382844011
"884",-1.30298557591198,0.349811144682632,-1.04315404930974,1.61947610622495
"885",1.21461732147839,2.31437103281046,0.529545921312786,1.71185457555789
"886",0.287411998235682,-0.229617688574502,0.749849340358697,-0.393193031230408
"887",-2.24851220011146,-1.7650604166678,0.340390553829344,0.34727171930229
"888",-0.799868117343722,1.17158787601943,1.36469235720571,-0.70676096430016
"889",0.697921301760042,-1.49078241833124,1.31775695000961,-1.17755999664788
"890",0.495967371519644,1.9664486293962,-0.384984878299868,1.95679915395207
"891",-0.363377772527653,-0.301975256185322,0.965438253068689,0.0907457369981099
"892",2.15754159060301,-0.203207870315957,1.23271798019405,-0.720359615602042
"893",-0.0116404601754995,0.963728695223342,1.09079821248798,-1.77626937458389
"894",-1.22982696747665,-0.638568988295375,-0.285728723665603,0.430399997486212
"895",-1.32787327234635,-0.0123237724031194,0.654785750773321,-0.486674981532094
"896",1.65478430756641,1.83520323316488,0.995868632133289,-0.162113143524998
"897",1.24707321569202,0.271610481289326,0.996714284904081,-0.63934224235465
"898",1.4575200848014,-1.34254030013241,0.300411196353022,1.46384499651804
"899",-1.50748490713969,0.40770468955863,-0.283240261252453,-1.01543287674385
"900",-0.631790668321619,1.15933016017756,-0.497321386205322,0.290595737626693
"901",0.561799076410037,0.18233040198178,1.05246221228988,-0.0707352153275747
"902",0.96349995380623,0.334681609180744,0.287293909771302,-0.427685732564743
"903",-1.4815874931189,0.295360930789625,0.00713821651532027,-0.485771481489429
"904",-2.35197328278943,-0.428891930367117,-1.82208079528774,-1.61270282554421
"905",-0.501052364910328,-0.39872393729818,0.967074773653537,0.585403091285736
"906",1.12026246592282,-1.31745767579046,-0.347672521382786,-0.73963320515504
"907",1.19106716408559,0.497965845564369,-0.201189353326932,-0.161359790131954
"908",-1.23656234203488,0.0950942106120979,0.103914229545277,0.520646322620371
"909",0.8857422574941,0.288210120635566,1.28434540771049,0.144186095569184
"910",0.0861759509916989,-0.834046698563162,-0.83101052008944,0.0765306922092547
"911",-1.12849234449494,0.320795714311927,1.11323209631543,1.34892289765401
"912",0.808427225762386,1.14678681693895,0.268599187976224,0.183568144485704
"913",0.591344248887679,-1.41975777908448,0.134669639267406,0.00362509725466342
"914",-0.145383226131184,-0.512882997464745,0.549112435534544,0.840265766633453
"915",1.13657627783659,0.0806226240214417,1.46219473453122,-0.161699852552203
"916",0.876956854125749,1.24028574864322,-2.03265900621523,-0.293838736249589
"917",-0.625268397959201,-1.496270587905,-0.660976145331189,-2.38535540771282
"918",0.910488958865556,0.338123357921199,-0.412140685383611,0.447774522188332
"919",-0.0311305233440964,0.876024984818096,0.981706615093136,0.182087712480601
"920",0.0398568776122893,1.00993355423042,0.805857983067182,-0.167071860347338
"921",-1.1971670350593,-0.919401934330849,-0.127813311510794,-1.21379985229321
"922",-0.86861930365809,-0.379932575457915,1.84349434352552,0.774431863656386
"923",0.689535300968276,-1.08843974855271,-2.32703330347406,-1.88337417840836
"924",0.676250272429021,-0.40910282802731,-0.146573521141385,0.90262591228223
"925",1.95120069254463,-0.415558752985593,-0.188713718712112,-0.92536985387052
"926",-0.425771425268813,-0.118161651080772,-0.77961907800781,0.37199549281531
"927",-0.331067748676385,-0.106558261366513,0.151076454544776,0.656143846603675
"928",0.232884620331008,0.230551738980746,-1.6063281022894,-0.896952774148102
"929",-1.52904152550388,0.859234649407145,-0.821736305171729,-0.154158986009143
"930",1.54629162105678,-0.945894240201728,-1.06721574400135,1.09445489312954
"931",0.761267407075564,-0.946261103446792,-0.0318718378508165,-0.277989674402838
"932",1.56765188541476,-1.7312722723806,-0.827162613621017,-0.110259997604203
"933",-0.31705905482078,0.212151371923742,0.300009223052123,0.610504289176244
"934",0.832852920116655,0.333724793100281,0.421778178941979,-0.004401636102414
"935",-0.361195352188941,1.76929978301836,0.141903547968621,-0.319149570981987
"936",-0.927737327704223,-0.644223360592574,0.0705253905269305,-0.352097763324656
"937",0.377916277363929,-0.278086502859237,-0.432339589598901,-0.342864865760094
"938",-1.88938917941182,1.58970280538424,0.569176875915032,-0.147850253950865
"939",0.108314209326809,-0.177655366074764,-0.392820978883563,-0.482333207296491
"940",0.683733948533159,1.89844080506152,-0.609520173220565,1.03127343303782
"941",1.07454354281657,-0.282204879870331,0.0484397772172609,-1.54509736536391
"942",-1.44171476204991,-0.459443980215664,1.54502015056542,-0.911032499151716
"943",-0.125873350465111,-1.01412510157517,0.962157194497469,3.5396464878226
"944",-0.0874460386810634,0.345417484311082,0.444633526207745,1.35613811490446
"945",-0.712202247477259,-0.868902911958827,2.12769009003222,-0.031280705414442
"946",-1.33635923651685,0.0961980837216165,-1.35408450626851,0.516070422198011
"947",-0.716743595506327,-0.329619915777263,0.88784096298572,0.323953071454323
"948",0.0569634042676771,-0.975624060638337,-0.26559855795329,0.114590551158586
"949",-1.24891367153622,-1.84755509862491,-1.1628579465333,-0.164470594750772
"950",0.944009430000547,-0.212703783531412,0.0853984613236212,0.383402423328993
"951",0.216365195344742,0.148552670912593,0.0592457987021238,-1.43197707403883
"952",-0.123417840355035,0.687159204849975,0.435097681415194,-0.179804263832726
"953",-1.25105355180848,0.575922452674573,-0.364809570911053,-0.501867857075146
"954",0.637021043999663,1.2715339321472,0.0246930240438222,0.973789929177899
"955",-0.33011179742046,0.494737882948855,0.2362830239846,-2.42606787164074
"956",0.795440209656546,-1.41385608163192,-0.449024855633121,0.114752141431962
"957",-0.426724710852207,0.980856877063181,-0.17721996143311,1.79051360211902
"958",0.280936263074856,1.11319773397434,1.15648071708709,-0.396165435873561
"959",-0.578053607100513,0.0215610591603691,1.09552445178802,0.623935700796795
"960",0.766655340666222,1.02007675066554,0.462129375512995,0.50768188033037
"961",0.925527229435068,0.592778968244059,-1.31216962812898,-0.778901865106608
"962",0.611362890173068,0.0692483128318925,-0.677048997282082,-0.989944875990261
"963",2.06201235272573,0.673788970617403,-1.46899501164518,-0.620819368203695
"964",-0.76690150127516,-0.969997696575493,0.797895092289065,-1.0620960372181
"965",-0.868768151781808,-0.344484936025197,-0.809553165950366,0.0744623907768752
"966",-0.508991796559559,0.600203661994348,0.767572222746755,1.12270490259927
"967",-0.653832670556395,0.590848147806038,0.884513661920734,-0.275725378902057
"968",0.249675925524053,0.135674358448107,1.51916543378487,0.933219693576331
"969",-0.387637424494039,1.17953874233666,-0.817281764224658,-1.54441696562666
"970",-0.414934459899406,-0.73423279152267,0.201372954195178,2.00286525925499
"971",-1.99640188416751,-0.219106548688557,1.39011354662519,1.20887089780742
"972",1.32686166161432,0.862636575834712,-0.220809684345221,0.271162962805328
"973",1.85681513795261,0.620058567741254,-0.12633169189758,1.48797466042855
"974",-0.851088376448212,1.46580108558003,-0.634699849587292,0.628786886856541
"975",-0.858920384921118,-0.821921194254426,1.90247246518188,-2.25235385779182
"976",-1.85849347784704,-1.4929441642571,0.540225787489963,1.68245158685438
"977",0.57009950328822,0.81624579781634,0.167527948080979,-0.662878210220859
"978",-0.423278679824907,-1.25793632627251,-0.972784151069439,0.247829978743817
"979",-0.157240204830683,-0.536768666752742,-0.0771755217785648,0.543653424072121
"980",-1.30238872064669,1.0373268236061,0.854229607642034,1.73303683609697
"981",-0.854807756747343,-0.778216612362124,1.18169925979249,0.328021478942662
"982",0.34829761338066,1.51877382062916,0.645156678241107,0.150889782314686
"983",-0.364408675951792,1.20753834869489,0.00604507303953786,0.101965914813051
"984",0.121561090454725,-0.278243168975228,0.116334201392163,-0.487383914816623
"985",3.27710524786541,0.62211353146898,-0.847499246762832,1.13241845592371
"986",-0.413716731748233,-0.522446838499208,0.456351296663278,-1.16291787516373
"987",0.875794419414784,0.249743721569866,-0.934361334528849,-0.487432351583088
"988",1.59393977194342,1.59328460958958,1.3187373099814,0.398950754562872
"989",0.522275170352997,-0.163256456762983,1.51751617992092,0.670543973048824
"990",0.969889697171454,-0.79773351150303,0.171226751587422,-0.226397314343114
"991",1.68749094163813,-0.85580889608558,-0.0470265276843577,-1.36736456916893
"992",0.522246828255908,1.28541364098821,-0.314782959492026,-0.454877589790718
"993",-1.01902306938144,0.963069885707872,0.289939357588292,-0.757717366775268
"994",-0.820292774726562,-2.05595302594229,0.105178768433591,1.6795211677099
"995",0.426344048297521,-1.9249795450427,-1.58421272102151,-0.104000802538905
"996",0.173619725719279,1.19915548887692,0.364311376182987,0.232866026212061
"997",0.551447456454631,-0.16903273664725,0.281699447906235,-0.626026792277607
"998",-2.02960814170447,0.504472563843507,1.11786082735852,-0.622914774252919
"999",-1.53155373315825,-0.662319192676399,0.645923113380907,-1.62830224855414
"1000",-0.813864881672099,-0.668256880293317,-0.446855882186795,-1.1877191297232
