"","v1","v2","v3","v4"
"1",-0.205694858398845,-0.120237510910629,0.728791528642693,1.15881301167137
"2",-0.838274505259102,-0.973757718734615,2.84319185771113,-0.858814317808017
"3",1.84257961684548,-0.0711629748887496,1.7283653794861,1.17913755455288
"4",1.25677786128851,-0.155901887732913,0.505529468916265,0.070662607410961
"5",0.614179171179696,-0.777117100425212,0.358210895559652,-0.130687529308924
"6",-0.813680834647416,-0.0695216668546841,-0.187391730422473,1.58841887902685
"7",0.465741254436991,1.5775170303285,-0.681732662620176,0.805528244760696
"8",0.479425538893305,-0.270872948380384,-1.16232565086726,1.37735355018682
"9",0.390410775827021,0.645482263539715,2.29430771546451,-0.612315388821018
"10",-0.0330256439039182,-0.760587924269649,-0.383924751603877,-0.880566092119485
"11",0.496739005073094,-0.529819548125295,-0.0651752479890964,2.36804639279898
"12",0.71382786331231,-0.0753845320180791,-0.834085510987342,0.575204955339444
"13",0.439543373800146,0.73496861087344,0.467049966488651,-0.242939889435809
"14",-0.197022080065961,0.718554730242855,-1.11088323554691,-1.333114674092
"15",1.59958272899481,-0.905671079636329,-1.90190525518024,0.159129002818337
"16",1.61808123854955,-0.476494438478029,-0.478311873853848,-1.28744219811356
"17",-0.621135247826301,-0.608065213735668,-0.0084991043160688,-0.42129042806131
"18",-0.783146043621875,-1.09616355970809,-1.72792369394106,1.28103040833096
"19",-0.949359783339328,0.299841923713634,1.95731441913324,-0.207727522055089
"20",-2.100422312649,-0.0831975934667973,-1.84001142763327,0.862905393651199
"21",2.04843904536887,1.38487248906776,1.3871739421145,0.0338481615968247
"22",0.343784804609743,-0.864979434421394,0.106553751073544,1.86755445737747
"23",0.186985862719588,-0.740634782939336,-0.329198295385232,0.425291682049489
"24",-0.0889444910219837,-0.463366319918237,-0.567149490807248,0.0435794356335675
"25",-1.15510934584024,0.108261886676574,-0.272483853184328,-0.430323104747076
"26",-0.775843220903067,0.383938955132368,-0.0215889350046594,0.057805662323412
"27",-0.2220543500102,-1.64014060295472,1.15611933952972,-0.479744237997773
"28",1.13022425023069,-0.332505085719207,0.978417064767628,-2.51341571564641
"29",0.551295032382219,-0.0361126608599893,1.51486269694498,0.814118152192932
"30",-0.162754779473085,0.930353999753084,0.648813476855154,-0.341639849129607
"31",-2.81999016710437,0.890078039202948,0.703412846961996,-0.172632789635488
"32",0.289511609098384,-1.12274826772997,1.89762154782637,-0.0971096674014818
"33",-0.254127202064145,-2.00201276979006,0.588726559329885,0.988346552208236
"34",0.645221830845597,-0.586729651138973,-0.160193141593542,-0.247593747495502
"35",-1.24348742067079,1.4619841761012,-1.29242750025853,-0.0119838575539125
"36",-1.2856300362849,-1.48404489474265,0.774838716373646,0.150767088127035
"37",0.00935540916925109,0.852908182770173,-0.337717738875887,0.629188369416559
"38",1.57620204367511,0.491389739027957,-0.321538229032534,0.892056415362459
"39",1.06824954445443,0.262892849881691,0.511775888156745,0.281061686659282
"40",0.307466297648646,-0.33512328458211,0.924435874663691,0.562035345987776
"41",-0.828078626347337,-0.604658949647661,-1.2439772264624,0.803329839008638
"42",-0.66291031796714,1.30955377844693,0.892631918002349,0.526679205156696
"43",0.428002925431665,-0.465312388599503,1.11806408751455,-0.724601285661233
"44",0.0640757057889772,0.21952059336234,0.605588904804676,1.01284983490826
"45",1.55124393765432,-0.356044510204699,1.24132088343349,-1.80846419745259
"46",-2.34882376906339,-1.23683972163274,-0.385666965693934,0.117692476824608
"47",-0.299522120461818,-0.306134362011586,-0.0273381198168193,-1.28052979351311
"48",1.24950037555476,-1.53087580271963,-0.968041828204125,0.922605172520635
"49",0.858442471587384,-0.756122761098029,-1.22059836583789,0.201585198694662
"50",-0.966367780045681,-1.50708523731868,-0.140650226848597,0.817082381684317
"51",-0.335785289485643,0.635173758508312,0.429326295958019,1.09851745605849
"52",-0.748339386494149,-0.225461877944493,-1.7203819024454,-1.69761497730599
"53",-1.4785533186793,-1.79362158980603,-1.62024858408108,1.2169669165824
"54",0.41490281054493,1.19282597956244,0.0574872647446588,-0.834335465964867
"55",0.323876630946715,-2.26009122444235,-0.86550445648538,0.576728217167215
"56",-0.1513180466398,-0.465554785859024,-0.826126257403641,0.430213955842525
"57",0.298616577907412,-0.766775212595161,-0.361834993079405,1.02620787008625
"58",0.492921253808163,0.312619641618939,-1.96130009686511,-1.17859706065185
"59",-1.22469879745455,-0.788980760734504,0.709432749286868,0.138771957434956
"60",-0.747198889619526,1.16554132045464,0.955130305468239,-1.40317710351653
"61",0.155451281395871,0.244918089000601,-0.31658889698847,-0.146920262612522
"62",-1.41613627280183,0.480913534328246,-0.707430323360451,0.474396473474648
"63",-1.29209042703185,0.610455554418925,0.195162596058918,-1.3901998801622
"64",0.952394617212515,-0.77547408188488,0.20535198221787,-0.793775757326396
"65",0.53550827510672,0.148952102630426,1.72369728081761,-0.281429491230959
"66",-1.47695310557501,-0.274609486722585,-0.178991017503835,1.72800420472398
"67",-0.447751777306325,0.182779649119427,-1.02262249145431,0.94861706004396
"68",-0.189334987357449,-0.114749611604199,0.953753874334769,1.01397071224105
"69",-1.80236452054369,1.21532149822799,-0.952096085945819,1.58354376911477
"70",0.379973989229992,-1.06483503311632,1.46961107011824,-1.43297973103105
"71",-0.147946563697987,0.0530117661866556,-1.25203775876551,-0.348620091541669
"72",-0.60234957942445,0.895797485393408,-1.75784649679404,0.950296713800565
"73",-0.116552563849429,1.22539083235627,-0.129533178056469,1.74336298597435
"74",-0.302915742650304,1.61715036687493,1.52866555147752,2.13092894584222
"75",-0.0867630262855674,1.05147546316573,0.28121024363429,-0.339723026282592
"76",-1.1043392400698,0.435009714784704,-0.0541337422146523,0.747935259098042
"77",-0.742575985216028,0.864083874146361,-0.791809001245157,-0.520052947004254
"78",0.759090016358086,1.35749518060363,-0.235902641466108,0.306194269056338
"79",0.446212496469622,0.686624838995826,1.45561812746386,-1.01165502479653
"80",0.44775625284733,-0.665574100581653,0.680944798085119,0.610563966229478
"81",1.29008763678267,-0.567968021118154,0.440784972874515,-0.0600580984317192
"82",0.848073354096563,-0.930090024110622,1.53816454158788,0.153692012527404
"83",-1.46822743974588,-1.79608638644799,-1.22101155830552,-0.191407527108587
"84",-1.92227280330623,-0.480918888351557,-0.0879173882447052,0.709355271534761
"85",0.0103864762386928,0.369857621848637,1.98344719274894,0.521407229032692
"86",0.289808252526661,-1.73680824460162,-0.0483744797530776,-0.35103933719408
"87",-0.118157272065428,-0.335651183473797,-0.507741638731845,0.589536315439884
"88",-1.16689493211248,-0.450843906671707,-0.0191623886062853,-0.185739086538108
"89",0.21193443893343,-1.29345696941349,-1.31856251601736,-0.212411141046938
"90",0.524961435030988,-0.378341852551038,-1.88450357017112,0.37184532070014
"91",-1.21927608488576,-1.97609691939072,1.70534666167183,0.859258605595896
"92",-0.422487157875595,0.920712746957739,0.309857042433835,2.2547546444927
"93",-2.60042701819267,0.280633419866732,-0.494865498809162,-0.238442079948438
"94",1.84551377966932,-0.0981692634980572,-1.0492098177163,0.165123339286915
"95",1.1895346636916,-0.0479852248684007,0.692510746665324,1.9430881487224
"96",0.871364179915409,1.37169271177563,-0.391437172819438,1.74911007471388
"97",-2.06221744603559,-0.466101731247822,1.85724959709535,0.399728426548045
"98",-0.721530332436785,-2.07506208315282,0.405227195302684,-0.606380141308006
"99",-1.04827051920545,-0.509092170633383,-1.24077469356189,0.587548264958232
"100",-0.901452366408099,1.78074622707818,-0.360772764454687,-0.62826834962479
"101",0.801173013930993,-0.689194866761549,0.143960354307831,0.815830834266512
"102",-1.10604058318215,-1.05517007721212,-1.02649882332195,-1.03533390636918
"103",0.110294157893957,-0.259687048583112,0.39758831150483,1.53191371439373
"104",0.50754359972465,-0.389851285761937,0.353852427429658,0.205473761571955
"105",0.108079280674686,0.181121999484139,0.0914853650156198,0.376343339166055
"106",-0.976432960944519,1.09837381876378,0.35212674631464,0.736681859084459
"107",0.463663276393807,2.37382314169651,-0.508856503557084,-0.923751996046717
"108",-0.291115513232135,-0.69600294648842,-0.636336239644614,0.201717478760397
"109",0.374642392728391,0.00669152155133146,-2.05220038124299,-0.0295857299109076
"110",0.43598856945537,-0.534748363160376,0.3402500571628,-0.887205782210227
"111",-0.486080814955466,2.28826087675232,-0.103321872528151,-1.20545330794283
"112",0.755632016862511,-1.04448118359151,-1.56493136912033,1.25186233311237
"113",-1.18731484977763,-1.64997895771114,1.06671507600137,0.284167861721955
"114",-0.8312316291857,2.1305113657639,0.150385610328275,-0.656833148275226
"115",0.524742396381669,-0.500233255196496,-0.0377932510585854,0.924709773557516
"116",0.134524050391496,-0.793164637482824,1.15668520269582,-0.956673865666217
"117",-0.127585288807677,-1.40795428056907,2.49751406552002,2.04660313550926
"118",1.31508936624283,0.156341051960151,-0.858650805313348,-0.0285635765440529
"119",0.281885427852618,0.279913682751782,1.34871002070873,1.16529777396486
"120",1.4938793145067,1.02226842657331,0.593867204211787,0.864056147159243
"121",0.104192144736758,-0.0435972797967582,-0.338895933990753,0.356029142203151
"122",-1.0699650228236,1.22541696981973,-0.875758884355454,1.72838447084556
"123",-0.220557045849726,1.03310622386672,-0.668812769353906,1.75417697880599
"124",0.970139413015133,1.49580184332133,-0.39283089651926,-0.250860000686041
"125",2.0881781951981,-1.40083277038074,-0.474714362945608,0.153804628198544
"126",-1.15696867901769,1.03151439198181,0.364225657651546,-1.13380680202924
"127",1.72303275817763,-1.97750115369415,1.22412532603108,0.731721995527312
"128",1.21250680521338,-0.653561092290908,0.431366372095619,1.90153546587469
"129",0.812197538299856,0.888920622462996,0.707993570833606,-0.427909698455428
"130",0.875037020018265,-0.388830230361405,1.1604565780333,1.82836679449156
"131",0.817767087702333,-2.09087671757331,1.19587907012121,-0.960940183619899
"132",0.7681126021981,0.742625638729125,-0.434863683014087,-0.547862915568544
"133",-0.181794937344695,2.32205340497262,0.948960657462044,-1.95155356701819
"134",-2.60698684607747,1.02471761351007,-0.309404117928479,-1.32559742257364
"135",-0.238510180273729,-0.136537342925743,-0.631502556066262,3.04789168424872
"136",-0.45453902171065,-0.802517770800225,0.306246621879095,1.31872621112622
"137",-0.926100460161944,-0.042970808646776,-0.18242462275867,-0.630966815636288
"138",0.73362222170585,-0.601112422267317,-0.206463291052865,-0.819627396476392
"139",-0.66572835164618,-0.582844328622885,2.12726483274252,-2.22016449840086
"140",-1.47885822950621,-1.20962395220719,-0.0224199826050199,-0.257155738845998
"141",-0.956678262325932,0.677948299122411,-1.39523312759872,-0.131758652023873
"142",0.286770075193132,0.942921735045412,-1.12669330167441,0.573630418762615
"143",-0.872919368743157,0.919086747853493,0.389865893578645,1.99226967848369
"144",0.144608647345861,-1.14454574906689,0.143964128372993,-1.02612223200435
"145",-0.735091496812899,1.11498359535291,-0.463326382104898,-0.228413931977876
"146",0.0917015468453483,0.070587924146198,0.494842474855554,1.72541411272044
"147",0.186335631811628,0.400211177519629,-1.15802353551195,0.250741974087301
"148",1.36266249868708,-0.419523338449017,0.108639273689521,-0.727140341695726
"149",1.27003906874793,-1.0690113501971,-0.677287868580121,2.70234858624863
"150",-1.77186378364092,1.41728634823607,0.726435736383425,-0.379666739540654
"151",1.2925965788229,0.537595119604987,1.33042746030686,1.09981080466439
"152",0.123781838205216,0.49999790978503,0.0955601683560315,1.31636481276195
"153",-0.805275954412709,0.0246358520182731,0.177082782717502,2.64534702745589
"154",0.309166941414232,-0.0227536059795146,-0.983403219261635,-3.68774246666268
"155",-1.96510126858415,1.07845198364931,0.0808569755431227,-0.363779108966142
"156",-0.412467522446664,-0.203941485168634,0.0530632184088299,-1.12813749397615
"157",0.828227285215457,-1.14019076581994,1.53860301484887,0.716844629566679
"158",-1.37302098822212,-0.244709633793486,-0.383929606561148,-1.48856749769885
"159",-0.791438566749063,-2.07087797035867,0.734689189972586,-0.255497745640487
"160",1.06191260403081,-1.2897845688922,-0.0932317872015267,-0.530085266698073
"161",0.342385960133891,-0.412931456647478,-1.02274665593279,0.0572000875050601
"162",-0.142778979169479,-1.93180299945796,-0.10509357499673,-1.16229748152493
"163",-0.307971787031266,-0.48509960774617,0.642322364119244,2.31320915099047
"164",-0.432976660153775,-1.04028789739816,-0.151823094219054,0.087416150133574
"165",1.27567707020404,0.230356057102613,-0.885617200553052,-1.34309381903161
"166",-0.514908199783989,1.36749328976708,-1.54816839427332,-0.95695840261796
"167",0.202023456563736,-1.5975170553625,0.266434679637338,-0.51022881579883
"168",1.40954338109006,-0.808817635321711,-1.81789935563233,-0.238052458595965
"169",-1.5308626491171,1.76016218871923,-1.08121315215453,0.934748102764374
"170",-0.185504499629146,-0.700836399836974,-1.42736865820953,-1.45694240327138
"171",-0.180302560000009,0.244387918182,-1.16979598565249,-1.36913600566548
"172",-0.588730128654804,-0.466827140603198,1.5307072273764,0.802956828577291
"173",1.65000748231774,-0.964207163479841,-0.388642955095401,1.36809503128875
"174",-0.651513900143659,-0.0772069013777646,1.08917400077274,1.05772969246587
"175",-0.634186341858939,-0.198499798935599,-0.911739916604387,-0.565631808659793
"176",0.0709477149982867,0.0442634504463908,-1.34999455257935,-0.469126129687717
"177",0.539472802989434,-1.27987301057903,0.102163351923181,-1.02387607633198
"178",0.00256902713510922,0.276939625794618,0.655363638980325,0.969960994022925
"179",1.56736593582128,-0.0174214656434925,-1.48457201661479,-1.46933684179128
"180",-0.374866971137525,0.494931394342921,0.604345676663741,-0.392935664629033
"181",-1.7851855889058,1.53517109372912,-0.107495734363594,-1.77273844556655
"182",-0.939968278499325,0.280493750475494,0.893275171273457,-0.42674851935903
"183",-0.402400686932423,-1.01338757995636,-0.964428225360886,0.372756258331644
"184",-0.0624780775315726,-0.944583974578342,0.489135362908907,-0.671481503452903
"185",0.250220199839671,-0.575036994209904,0.00642520936392079,0.29644813112415
"186",0.122599760523993,0.0219555600389532,-0.97069859366865,-0.0435522318956282
"187",0.598942454041786,0.460470137162673,-0.25866524861332,-0.472987436098949
"188",-1.22319864519846,0.894914602934024,0.757337195652222,1.48569925814882
"189",2.01864898789886,-1.29852031629055,-0.708408039444105,0.362423329014434
"190",-1.05897712471672,-1.26523768863332,-1.05443914300845,0.0011970702287851
"191",0.311415096860399,1.02554371079298,-0.152585868597486,-0.501814845100525
"192",0.143314428329472,-0.566982118817383,-0.111773057433187,0.38461347000539
"193",0.698344383248544,-0.104464861328661,0.841229143643444,-0.375327082756188
"194",1.12727622010517,0.321714373804397,0.802039098428014,1.92174902777774
"195",-1.11675566029313,-0.444907432606692,-0.886108268816509,-1.29870417315618
"196",0.326338571596708,-0.247252469498187,-1.01082099519884,0.252330205975396
"197",0.0719211826518654,-2.13840475120521,-0.249109874568915,-1.10502697142059
"198",-0.467214871930249,-0.443722125342678,0.404161198809829,1.64861301162137
"199",0.17810309613512,-0.596899508091362,-1.11986294418215,-1.41746683809728
"200",0.530340405465196,0.633572631153941,-1.10365731317981,-0.53709625989967
"201",-1.49323417105491,0.917572544795036,-0.0758415387092382,0.890715031364706
"202",1.41846150998925,2.52094806496268,0.2996585358162,-0.850634505523274
"203",-0.108330170578463,0.579657871806125,0.420364904150279,-2.71791992142037
"204",-0.393109897245449,0.359395496651996,-0.802539588966719,-1.3374040617711
"205",0.259478361234412,-0.127193286710326,0.170648522309794,0.186575005285646
"206",-1.03161029116195,-0.912690315435813,-0.944200181152472,1.77299507255257
"207",0.0426298894949949,0.0535029484450604,0.970691853539224,-0.114575897425856
"208",0.983261177303727,-1.14231749217576,0.669580368463484,-0.397203889846737
"209",-0.172400838668735,-0.220722371654113,-0.852486336132603,1.92239974885398
"210",0.388507516560451,0.123446035728495,-0.274132693272,-0.0211842524626972
"211",0.888715512991144,-0.895754238774204,-2.03729659763646,0.881165768393559
"212",-1.15176468217084,1.41600496489378,0.71035684306147,0.312190443172407
"213",0.0262421224309377,0.389729135009353,0.893479385354607,0.898814676669872
"214",-1.70344928550175,-1.2339845546103,1.08841216243237,0.577952074048552
"215",0.901027844076788,-0.954818825359532,-0.551500983299817,-0.558564637962909
"216",0.505809420189582,0.761189474231805,0.736129015907485,0.0770841814062649
"217",1.06637834780729,1.22773638730471,-0.0251269628774184,-0.936548770831419
"218",0.296488867253075,-0.526030587663536,0.841027382448032,-1.41861381538856
"219",0.68298473353105,-0.232717193213304,-0.679716250316921,-1.4646721204144
"220",0.399384904986895,-0.115273974070692,-0.388887308532789,-0.0503425996012767
"221",0.897427503667278,-1.87861323394486,0.103684548626741,-1.64354322483554
"222",-0.701580266170976,-0.536364047767273,1.62763014896653,-0.395577270688135
"223",-0.562210252796741,-0.364442773226012,1.09968365691093,2.12035793225278
"224",0.542876000495808,-1.84671910070792,-0.531057636488638,0.540165174620363
"225",-0.525428983405761,0.943916608486657,0.41800187879021,0.159253830782096
"226",2.50689281625621,0.237752823546001,-0.0551638053013442,-0.354722216207988
"227",0.402303439191295,-0.053099973627368,-1.80790921301192,0.527455707844331
"228",0.38485336815176,1.86270217619339,1.25512704979723,-0.683010879470988
"229",0.264924737367063,-0.239771760382361,0.211868649849484,-0.325993540625112
"230",-1.69877476096738,-0.268190785557474,3.56380185493942,0.836180401475447
"231",0.677407593420823,-0.467916311151849,1.35116116804087,0.2765948113318
"232",1.75188685074561,1.83448447117217,1.04719358386983,-0.335885241324012
"233",0.726087074459571,-0.367245454108527,-0.486255533195545,0.000986980881267023
"234",-0.558689742970835,-0.967850805997628,-0.475861178759364,-1.15645070041871
"235",1.05694799173438,0.935071842780441,-0.667124458519947,0.241012893661822
"236",1.27839140066938,-0.831711224515129,1.74379327641664,-1.75037412082842
"237",-0.87629991241535,1.4338295179592,0.0108973717308043,-0.0290618713720678
"238",0.401487542776998,-0.54611944081581,-0.37669105231748,-2.2008665918288
"239",1.83135301158556,-0.363201693821083,0.0696304209751196,-0.465890065267463
"240",-0.169464233379089,0.810404846197716,0.297199512083021,0.680791679406439
"241",-0.541708287005258,-0.699098982686151,0.080693472048748,1.23104429060089
"242",0.137848887664385,-0.826453044142398,-1.04961132697692,0.667417190678932
"243",0.0731667320157763,-0.789411147975582,2.02498378762945,-0.6540665761245
"244",-0.533912144933402,0.267099191394073,-0.909167736307012,0.584637770583854
"245",-2.21622359764925,1.3244399118174,0.560612391369951,-1.02194172874789
"246",0.180135458685256,-0.872915614175815,0.793953287236507,0.989878764814763
"247",0.918541361083978,0.23987404040339,0.0617225066319144,-0.0651794754278766
"248",-0.882860114199142,-1.24283937729633,0.0273973142713184,-1.82842123354518
"249",-1.21005676428242,-0.756126841363851,-0.110162327654727,-0.990931412035349
"250",0.411542183665867,0.256799604163357,-0.690384379593889,1.01648070682312
"251",-2.09408086897845,-1.98041417015926,0.304077721373854,-0.74043457630368
"252",-0.111419464051862,-1.48581816694798,-1.03068932409285,0.10525476878209
"253",1.71415815404751,1.01672957176598,-0.452695732902113,-1.19169649750893
"254",-1.77992359368531,0.48806039562861,-0.32051285000122,-1.18969157019546
"255",1.14809698700764,-1.02595965091174,-1.01605464536777,-0.66471128650146
"256",1.19822058597982,-0.0741664375684013,-1.54161100603257,0.971818314941471
"257",-0.475583740234883,1.29134988122988,0.410662372898998,-0.700937658515508
"258",-1.29046948657212,2.26369914318875,-0.309690660474484,-0.835017707581475
"259",-0.490397247458235,-0.80682963092816,-0.747721288235673,0.952225629361922
"260",0.265898270989977,0.498875250090425,0.356693670860494,-0.60341620295889
"261",-2.10614582315688,-0.540467567327344,0.881741438922991,-0.938642027400153
"262",0.406834726895337,1.42462997073369,1.86775041928601,-0.324994181799896
"263",-1.70007195242969,-0.669821898363684,-0.176388795051349,0.152784367484835
"264",-1.90447538203648,-0.857795334145335,0.398831295041549,-0.970585494176852
"265",0.448745500141549,-0.922744540673731,1.1318960510492,1.16545352536154
"266",-0.988167536183627,-0.777136482992036,1.11359265983821,1.23767657737242
"267",0.575462831247953,-0.571944822387356,1.35625894770069,1.30500910468387
"268",-2.62597310522979,0.443435392006411,0.188200884031438,0.376685239607577
"269",-0.945409704032147,0.552824924283854,-0.201911218425749,-2.32666077905727
"270",1.17625219406124,0.288719190464819,-0.640357850236167,0.0757997851354528
"271",-1.27144733313079,0.774449968288431,-1.36552453609595,2.62993023842193
"272",-0.970666100591117,0.612195633116091,0.174567908292805,-0.394474744416856
"273",-0.332156795527408,-0.74901093518416,-0.624885217136141,-0.780637421414082
"274",2.3614217901405,1.68295111378955,2.05353426574228,-0.776956777594861
"275",-1.53653274616836,0.114097518923248,-0.00158110648006373,-0.955652939966786
"276",0.182206717999189,0.204330735388484,-0.254947805054824,-0.362231069977419
"277",-0.729111019428971,0.230643688886389,1.0211182445052,1.16241851078915
"278",1.64413046020217,0.692633258790283,-0.528106749433039,0.392648923585698
"279",0.792801049992179,-1.03705112505263,-1.13169269206996,0.748125994087567
"280",0.551216239308602,0.504987804078733,-0.162472260234496,0.832138118430026
"281",-0.0295977143109225,-0.635917744407436,0.920644102693568,0.713692714312218
"282",0.139028344517641,-1.51634923500436,-0.726684948145223,-0.976425293055366
"283",0.490567114734604,0.16651140347609,0.0902664276512108,-1.64803801784565
"284",-0.854492758405721,-0.110277925413575,-0.763203699828656,-1.52857944544366
"285",-0.282253482603511,0.63613501798524,-1.01660231556633,-0.620221782032039
"286",-0.684949207171652,0.897199514591946,-0.142889001625938,-1.42198189001958
"287",-0.419469700272534,-2.08988403579608,0.558644566826541,-1.02553253486201
"288",-0.707970398166314,1.6612216390702,-0.20566261633469,-0.0557854293646325
"289",1.13316007032599,0.27739181694566,-0.268231385914025,-1.09408245272843
"290",-1.32636473409861,-1.54791896676564,-0.544132996757389,-0.337280249043539
"291",-0.140875163539932,0.350822687945573,0.217239923616488,-0.458149575850097
"292",1.06369075451321,0.952258397918833,0.21341504005622,1.45726589051254
"293",-0.931284432475811,1.30702182139212,0.00621026268417476,1.97049391102001
"294",0.929917157966293,-0.231444785239942,1.46294195198334,-1.44713705459067
"295",0.414955497862093,0.827666853837774,-0.834118220772907,-0.95914070862916
"296",0.765832588775978,-0.138022831238012,-0.453745607348169,1.46009713647401
"297",-0.139997960902216,1.42745176598816,0.00319833042738969,0.566238352488156
"298",-0.98874102291811,2.59949326616419,0.272437432363577,0.647076945854314
"299",-1.46907416955622,-0.534221992149638,0.59034599497363,-1.75336228884534
"300",2.04264827802955,0.499434044449705,-0.42727497071374,0.569833504676356
"301",-1.2316199146499,1.69042442597607,-0.802694841577406,0.519018584370115
"302",-0.568652343875899,1.07348791251266,1.77422954168885,-0.111948375092764
"303",0.551578841126295,0.406108554747413,0.584874350225568,-0.175372679898487
"304",0.0365981859064557,-0.96989944147931,-1.05604167935344,-0.88709497398391
"305",0.129160090123895,-2.30001609542559,-0.859515878332466,0.632516813309665
"306",-0.522041425711845,-0.0682874662681911,0.142638785777031,0.735585785014229
"307",0.413580042869645,1.79018316094714,-0.752032414644268,-1.05049505350263
"308",-0.0754075852864597,0.531828178846287,1.05230107678273,0.6834478857039
"309",-2.02383770809404,-0.345347504588978,0.496855134181718,-1.58441062570605
"310",0.993629493096893,0.22402353018893,-0.166923364870907,-1.5227128803105
"311",0.182231165927206,-0.856129050314501,0.46307689803098,-1.76814273226666
"312",0.687581110690611,-2.34839819292453,-1.5760811021191,0.0158831177575663
"313",-0.0072759217932554,1.24405648154064,0.164487702082415,0.148177611514053
"314",0.390232086202903,1.33345541226989,-2.18871703536486,0.809988370258671
"315",-0.755725113561678,-0.613644021269549,0.043396717531744,1.33056748829911
"316",-0.821876636538198,1.22702084035939,0.820154715056902,-0.0834049380946763
"317",-0.162074638144873,-0.324565553443134,2.22062608695879,0.0351515164306818
"318",-0.185648877870319,0.165102205958394,-0.151371100414427,-1.0139007757234
"319",0.966301200327286,-0.452591936120836,-1.04388376297895,-0.137731124372883
"320",-1.01441939318425,-0.781397192466915,-0.900561824846222,0.700022471553887
"321",-0.123003564433641,-1.21234391649553,-0.0309757932646282,-2.07771922680958
"322",-0.255911695498957,1.24140628809316,-0.181074349665086,0.375917150176601
"323",-1.12528256266662,-0.56249244785832,-0.140572117293857,2.8105102709884
"324",-0.310665841162775,-1.11091979416531,0.0204047213839373,0.839155665888372
"325",-0.00343477782862251,0.999060857096048,-0.0429163580844263,-1.36022325014784
"326",-2.23586762231877,-2.18616370603478,-0.114022854055716,2.78417851648374
"327",-0.846718398211182,0.314951581870107,-0.150958046794221,-0.0679272299821203
"328",-1.6935636244577,0.186793524754236,1.810206794221,0.959255691348428
"329",1.46443075167732,-0.629071626450451,-2.57519477346007,-0.485607061662658
"330",0.0200740473200972,0.889624243588216,-0.354004826935766,0.935137822703906
"331",0.536225375956939,-0.181252286058917,-0.38892981939715,-1.86190189241948
"332",0.373044111732818,-0.467714100771718,-2.07863982330372,-0.843742778665569
"333",-0.577994000939574,1.31170491301344,-0.335570151081527,0.878749125670086
"334",-0.146988011105277,0.173097029709013,1.03416455215212,-1.04387474576566
"335",-0.992434766007759,-0.811625554510656,-0.226371577790681,1.44856058770775
"336",-0.477598399022209,-0.634937205029675,-0.0108727255360626,-1.77530961442799
"337",0.35538964968123,-1.44404155458659,-0.333761567671722,0.133827053349478
"338",0.625548914083752,1.44066750170998,0.307095708109271,-1.59107455329304
"339",-0.531104532612505,2.35929683346228,-1.16815626793699,-0.62394223337684
"340",0.215300473649993,0.0182240750497277,-0.596993867171587,0.294203768747336
"341",1.50799386787439,-0.873995828717646,2.08762158677141,0.434922674274152
"342",0.395206909222376,0.765433824164489,-1.9095122655,-0.871697040111807
"343",-0.203742576733927,-0.130378166331815,0.796731896043692,0.15978285009013
"344",1.41269400108312,-0.486529200590687,-0.633069996356367,0.0481274930583646
"345",1.37835460561144,0.76725266641032,-0.748092674328478,-0.092773684014186
"346",-0.0321596936415878,0.147874348371511,0.0309520806647995,0.985270294580136
"347",0.590978850258465,-0.718974676002207,-0.445041538162245,0.0560201852117506
"348",1.30228394438278,0.381887492870251,-0.616160246538316,-0.552970966287458
"349",1.44830584489968,1.02307807520618,0.914668127113836,-0.0795335812307922
"350",-0.568608644541444,2.87310851574662,1.0005523798894,-0.401590978188635
"351",1.9635708593313,-1.51484864598219,-0.467712392492931,2.06711872253757
"352",1.23471906100192,0.486292958966554,-2.3075275766366,0.612465332528542
"353",-1.81019617045755,-1.07319808400886,-0.326141825101051,-0.394616351487216
"354",-1.06166575142738,-0.137678939892571,0.763742431445438,0.422520761734377
"355",-0.183231976862609,0.997551629631521,-0.49414905635917,-0.500414331797543
"356",1.4685478394588,1.58347993790508,-0.745147737451431,-0.225531183850962
"357",-1.12636057553519,1.59557556315065,-2.15856709273373,-1.1419068519862
"358",-1.053028819165,0.0802968004451252,1.02525469260431,0.704267440965156
"359",1.1191395101621,1.28171121025282,-0.0756259770043245,0.914615158538001
"360",-0.131212415814616,1.50934170013337,-1.95236417520709,-0.933842100870963
"361",0.144845215852512,-0.41695025714977,-0.0349459589292998,-0.702014205182121
"362",0.604569522486472,-0.251350397065494,-0.569047135539933,-2.11854483501426
"363",0.343245044427508,1.17614134040911,-0.363353751481171,-0.138175658860522
"364",-1.20060150598979,-1.49086893044686,-0.00865835327694444,-0.335214238871235
"365",-1.42147264185665,0.837551337416055,-1.29101866324294,-0.720791181122924
"366",-0.547102098154496,-1.52606131061069,-1.26848213706751,-0.900403218906509
"367",0.596654911218997,-0.821886694320616,0.746375635730205,-1.43970082830724
"368",0.804359361378761,-0.0998284350540613,-0.99559816009224,-0.168247988441767
"369",-0.679844063638421,-0.0688145294187791,0.917041818500244,0.763453486517947
"370",0.83975325633821,1.74108560339613,-0.0542603872185712,-0.201972428834426
"371",1.4149447017896,1.29845704082442,0.298458621157936,-0.76578400016128
"372",-1.05355355170265,-1.04369496584804,0.714672084674457,0.993723706062044
"373",-0.251291838230555,1.15164491371031,1.28019620695249,-1.0376485101613
"374",0.285124325502085,0.208933439135665,0.940631615888812,0.116490344078501
"375",-0.271667192399661,0.623865500775373,0.306620006376012,0.243222041718982
"376",-0.00149152145082144,0.921532352606251,1.35672161778736,0.664550371421328
"377",0.699432918182117,-0.380386664234787,0.576953586711676,-1.39021387983149
"378",0.151344171988136,1.12953916387895,-0.731183325477844,0.350907471000856
"379",-0.852093491210479,-0.359943914153888,0.29546462287274,-0.10471903555702
"380",-0.37578324878058,1.03665363151929,-1.28626916204523,0.198572952236517
"381",0.259155633931064,-0.463600045719374,0.756681124014486,-1.69115630860887
"382",-0.199976699438862,-0.350025304344173,1.50995931964243,0.271974622521156
"383",2.30779863860275,-0.747325852126604,-0.406878341029956,0.510365089410573
"384",0.334445224794019,-1.18066224721458,0.574249754160583,0.396299190927236
"385",-0.209024127335514,-0.00764152327854312,1.14553721228019,0.585975609270414
"386",0.538028577722659,-1.03973740702297,1.29011249863243,1.27312476181298
"387",0.482299570725774,-1.68832588050591,-1.57100548498189,-0.338332359469591
"388",-0.718333587733335,0.688299244306234,0.0753412976319194,0.693807318331923
"389",-1.16841191217261,-0.564904736203106,-2.40682460069854,1.26538020760375
"390",-0.395393271657732,0.878054054329854,-0.915726195419245,0.204098945144059
"391",2.14224813329688,1.57197625246105,-1.20665116256413,-0.00612223397767908
"392",-0.161597049973622,0.0582219009747851,-1.03003632001845,-0.681987576472366
"393",-0.010947591036091,-0.806560223243387,0.300104801024566,-1.40515238303903
"394",1.03886403773408,1.58554280620373,-1.43563849744581,0.757709175972154
"395",1.31196693333969,-0.649317886816106,0.683248442858549,0.290457317204101
"396",0.803533734600947,0.0857101328651547,1.13111344499794,-0.68290949433592
"397",-0.64002220358077,-0.58802668981614,0.625903395949914,1.70888899869676
"398",0.308243836482498,-0.116084564364585,1.34606049623171,-2.51262151187717
"399",1.45266260680001,0.286179629142466,-1.12044896256982,-0.807836805775474
"400",-1.39502586606367,-0.464350701965815,-1.14981235101993,-0.529704796782464
"401",0.806183194292514,-1.28390554240397,-1.51909993045736,1.16086746308309
"402",-1.913164546949,-0.31000026111187,-1.2928374917552,-0.478564896150986
"403",0.389424944930791,0.717478167295733,0.394588066236143,-2.59124946222648
"404",-1.49783809009893,1.06336382821458,1.96292155816217,-0.3744931933265
"405",-0.935758324870431,0.150926467580733,1.37323268046937,0.685521050754155
"406",0.320990255686652,-0.832422181615614,-1.4550212238307,0.324271339556025
"407",2.08669032345194,2.00924053787731,-0.156151909321973,0.788613001860091
"408",-0.036317983251483,-2.50146890328784,-0.357999880301234,-0.653291194945645
"409",0.0940457924705622,0.540964843957379,-0.297810814818098,-0.0363013454426033
"410",0.0388271665067916,0.381271469411669,0.381168200756588,-2.24766826756194
"411",-2.5666049579424,1.61532278589962,0.0709815668556101,-1.04580474741634
"412",0.0606736104375766,0.953838336921014,-0.460053349274178,-0.111041920147869
"413",-0.0304869533942078,0.539666763944751,-0.114281882379599,-0.211861665203848
"414",-0.871577420233741,-0.895230951589919,0.400448224140301,-0.0195704803333549
"415",-0.208924169609066,2.01354152353206,1.44868281431039,-1.67982792765009
"416",-0.879531396963832,1.45528722828254,1.10305872335571,0.669803519477155
"417",0.947871543336888,-1.78341719348106,-0.186529736988647,-0.606135306492685
"418",-0.00596531823352353,0.0449922554953288,0.0939145637542771,1.26186219281816
"419",0.286251265111579,-0.194637423524435,-0.125520751029895,0.548643645321794
"420",-0.623164781983379,0.427041439640915,-1.21080843265962,1.11583954270691
"421",1.06068421471926,-0.110911030940092,-0.564480963549318,-0.921347181768415
"422",-0.766119009670899,0.585230221566844,0.387922549478662,-0.238861190643123
"423",-1.06626671931433,0.555037386041513,0.0161942505263634,0.818853208472461
"424",-1.63452690203688,2.07818346531641,-1.40912606116134,2.09542681522083
"425",1.29179836342059,0.36900033589893,-0.469634875426356,0.176587933017335
"426",1.04758173179456,-0.754538939549471,-0.780541385139762,0.241462381116923
"427",-0.741109021930007,0.914551135997296,0.629527835148417,0.788976980349221
"428",0.94642377341282,-0.610247617532857,-1.00244261595522,-0.480673800342237
"429",0.36468542590802,0.0868874733880882,-0.513010313974694,2.33175546722959
"430",0.50187184640716,0.675574852447274,-0.341319630385128,1.09336678309381
"431",-0.782000193024899,0.937610509729409,-0.526327641993816,0.619436138585422
"432",-0.547505925809352,-0.953452400347729,1.33994894688836,-0.749269497391052
"433",-2.79587565619217,-0.0572454468962508,-0.506948050116425,-2.59628068243357
"434",-0.728801869834814,-0.0634076309788751,-0.180306054726084,0.560926865884615
"435",-0.718097623116039,-0.0405432037509425,1.14748808759597,-0.0186008744713398
"436",-1.20787077159134,1.74646925751793,-0.815238627477759,1.42518462268399
"437",1.4185619584204,-0.755241786921652,-1.34866350819892,-1.48786133058241
"438",0.172297265084576,-0.206982913620446,-0.511259040126214,-0.257229070056379
"439",-0.384063729831184,0.415345652204068,-1.4687369418553,2.1042155173792
"440",-0.745307608010152,-2.7195804388842,0.205499050680417,0.953543315446514
"441",0.910591652677571,1.98454549188828,0.0736188103408153,0.370905730511797
"442",0.969141766213202,0.6269444586267,2.30069121964866,-0.155709821248868
"443",-0.201821491072369,-0.538718270986224,-2.1569101624303,0.225821127770458
"444",0.485977903086291,0.366699968692559,0.849553092871722,-1.26301720214008
"445",-0.47786565433814,-0.804758207915404,0.0685126743638912,0.244803703957707
"446",0.457066429392796,0.725056024865677,0.445335834104422,0.177461889210097
"447",-0.192162277983007,-0.865114626695239,-0.651403846102115,-1.57273594404726
"448",0.486017174424172,-0.665010159302435,-0.187689823964954,-0.0183803353462613
"449",-1.38893022671972,-0.434462769503658,-1.27281643673958,0.0809443871440257
"450",1.93999297467997,-0.0517083839208493,0.617946568186917,0.117034031595397
"451",0.208911038004523,0.164190691092071,0.910978580122563,0.642874161541359
"452",0.15646509317721,-0.502615760477921,-0.582178246197375,1.80396355088299
"453",1.00145685734661,-2.40891121953056,-0.49187947898171,-1.78726017648393
"454",-0.836685260428609,0.38925358238595,1.64965487084629,0.933533264453375
"455",0.0274568950299832,0.0743170770393522,-2.19855015184929,0.230609616370713
"456",0.0465470650096849,-0.903529522450112,0.688900199351983,-1.28553895326387
"457",-0.838805884316196,-1.19478391393064,-0.746976604901664,-1.83935935750636
"458",0.0962905443764498,0.0392034246863076,0.0426108849937706,-0.578805509507446
"459",-0.647076238691702,0.749445993673463,-0.046574833320021,1.22157785450854
"460",0.0658463704956862,1.6470952498531,-0.906064090422446,0.0798817714938736
"461",-2.69329482487362,0.641617002748293,1.9801702863759,-0.21840385365002
"462",-0.833991847968878,-1.28170109805554,2.13004989291167,0.808135766166388
"463",0.54212908567762,1.79179591883816,0.461026470497852,1.14974046550041
"464",2.39484625147591,0.692723768185009,2.74891825513944,0.0198860373169674
"465",-0.63251885993611,0.726282365445307,-1.07745923542431,-1.46292440010331
"466",-0.621779194564917,1.84434947657632,0.340143297735565,1.24017485834536
"467",-1.05845308077781,1.2958758238219,0.682533854467709,1.03734433685069
"468",-1.45475233328758,0.921728268931741,-0.501568382792375,-0.801659959586388
"469",-1.97124176451312,1.68314731480827,-0.795534850293919,0.994968737767893
"470",0.452247854341523,0.199179676433877,0.113557715059842,0.144725780297988
"471",0.941516067114718,-0.588292603501286,-0.979803175469444,-2.16298619814141
"472",-0.385885636540785,0.637394476372463,-0.633596622795068,-2.6223210697655
"473",-1.07094647597861,-1.24703789426768,-0.0927361828642374,0.453542958770548
"474",-1.03455409369716,0.577301262423422,0.0554968763881662,-0.336547167482799
"475",-0.56786289221441,-0.0912221442724009,-0.451971389782136,-0.0694756300412796
"476",-0.722394027980775,-0.177300594619273,-0.153431481908189,0.225042940091362
"477",0.57245853059219,-0.706231585034027,0.325328269413343,0.613514973912611
"478",0.346021382700016,1.7287420784333,0.68082288325771,-0.488384426345313
"479",-1.28680974163561,0.152252115346655,1.02388809494113,-0.503222876237795
"480",-0.691007962906533,-1.19434689970848,1.02983917501373,-0.448248541762511
"481",0.757761839848697,1.32191587626581,0.842856009703147,-1.35373417870037
"482",0.119863775769351,-1.28004753379698,-0.385747493675519,0.671103519432534
"483",0.719367721550282,-0.463890686917604,-0.0862548078824672,-0.565716019663452
"484",-0.546837199593199,-1.16318957344293,-0.463294241880313,-0.332133832495713
"485",-0.767897577289105,0.149846125134205,0.441045257541335,-0.32506787120773
"486",1.23258653433117,-0.802367043525088,-0.366289980174656,-1.54943096572529
"487",0.275744074036027,-1.56180853164979,-0.394220384567072,1.88488916669841
"488",1.11530195446246,-1.15971695564255,-1.5652000062167,-1.00187053535825
"489",-1.60989327729708,-0.0709981996723768,0.852178468041034,0.340314626932338
"490",0.8051030928265,1.21047412922082,-0.194419520496446,-0.0433073780113084
"491",1.26262878342557,1.26148190209744,-0.581101917531457,-0.524198833649724
"492",0.627087953824188,-1.45413144387644,1.51348977748855,-0.371264372592681
"493",-0.2210399116857,-0.640364057207563,-0.131850717162959,0.10004314083106
"494",0.0727378188635748,-0.26556781610754,1.99482821107488,0.669092100995033
"495",-0.94768133810976,-0.382135417477941,-0.701061339820926,-0.0452307600643394
"496",1.77230294977096,0.11948458099849,0.499803183405833,-1.22028381646881
"497",0.0352455360977095,0.36772694522779,2.61734665711407,-0.315536207279685
"498",1.15027236091721,0.907734006070078,1.29472114915581,0.0723016521738658
"499",3.45016614686022,-0.902738375467979,-0.815579215983216,0.298343211162625
"500",0.243916304452033,-0.3825560307623,-0.523847877938032,1.67143016577327
"501",-1.2738699391354,0.68807544507913,-0.878755212345563,-0.796779295256667
"502",-0.154859315555259,0.727471783007117,1.49601397744237,-0.419335725591729
"503",-2.33178459649105,-0.193750483712459,-2.20597732974791,-0.0192211149678179
"504",0.750690881914163,1.22241305174901,-0.845348207575967,-1.56689486667917
"505",0.699538645546362,-1.05522547222616,0.145811762622484,1.47676486904642
"506",-0.41529408616982,-0.149316981427111,0.0049634232309311,0.531896117849512
"507",1.60640190357695,-0.459232703829452,0.907063880792848,-0.308563834240217
"508",0.505816484261947,0.725371800088027,0.913545893928597,-0.744413033896248
"509",1.31450533475591,-0.464489747667176,-0.813295853599959,1.78756464860455
"510",-1.15439618197855,0.485379681809247,0.679671898992205,0.0954859600465927
"511",2.17571148392219,-1.46349612869513,-0.155025682943223,-0.904875244537321
"512",0.569924133684439,-0.284188718608893,0.168204042562166,0.694414789128718
"513",0.322876255003041,-0.871944843882004,1.56696843962564,-1.38739305317909
"514",1.64990040935829,-0.477630097853232,0.247707784993632,0.758444722139912
"515",0.965268709809247,0.32309594280316,-0.525269045810211,1.19738590582216
"516",0.151158250491374,0.614078604954629,1.68559949929675,0.0246374604916937
"517",0.0441852122995605,-0.395253575920462,0.817312794552323,-0.233939244529062
"518",0.136128362208972,-0.689423607984992,-1.00298856966965,0.404718748886298
"519",0.317420015072247,-0.873976950320274,-1.15702202343589,0.344487472583806
"520",-0.505634516451999,1.4623046656429,0.0340507193839873,2.46596428281818
"521",1.11765457824746,0.972601980644931,0.734212351646537,-0.663598865924694
"522",-0.582574854028884,-0.123892062085457,0.354364449850495,3.30724820373854
"523",0.125964300700934,1.12007225053374,-1.20082851950241,1.78425206461797
"524",-0.13320836628407,1.01489418959215,0.781354106056038,-1.2637940964477
"525",0.434024372508817,1.48788463816588,-0.865356343180111,1.18090587650137
"526",0.617704885321513,-0.31892361858927,-0.00540694849859458,-0.762246987047487
"527",-0.978512651730315,-1.28803229998072,-0.852658418473316,0.88695290217295
"528",-0.700917194194774,-1.42217628291517,2.0331644530678,0.754233057389804
"529",-0.23551305384986,0.437103503123607,0.172198528491056,0.847262947372635
"530",-0.229125757177716,-0.121095974953841,0.419267541036113,0.18432068742422
"531",-0.448658600933283,-0.896941077375067,0.0888810904801996,1.2273245512206
"532",-0.821755617128518,0.0996801969741959,-1.12718603342437,-2.28344157047701
"533",-0.800126571935836,0.9474770075397,0.098490447207414,-1.1208128729322
"534",1.27819933244178,0.663824096128034,-0.15435705321111,-1.36962845124939
"535",-1.56265235935252,-0.30391673666958,0.0435631766164024,-2.2087635854638
"536",0.0580319742511735,0.441180990043485,0.317489180740076,-1.02178896319959
"537",-1.30476460616817,-1.04069593144537,-0.354204280796477,0.641023030346174
"538",0.19756927134954,-1.28277111437109,-0.890933567505474,1.10304961934757
"539",0.847418502377705,1.11109154231993,-2.11167219451794,-1.62193041645732
"540",0.230702093253689,-0.35251343954983,1.08111504804348,1.50998892718323
"541",0.49334174043887,0.534631473728877,-0.56316983587631,-0.249911516324761
"542",-0.333895371842958,0.552834140054454,1.40173175889853,-0.960331740170166
"543",-0.809522384272874,0.997102208619914,0.833639204399235,-0.366950344796083
"544",0.228918802899411,2.91628813818534,-0.488154374633188,0.309895402361235
"545",-0.692966038797072,0.573201599268251,-0.0621147434875136,0.550535920494241
"546",0.343697969593626,-0.148576820235993,1.17288184566628,0.236536195014426
"547",0.125885899578818,-0.491672690228201,-0.152594667687741,-0.88967337906947
"548",0.538185674510159,-0.116122957734486,-0.881766524936419,-0.865069047325037
"549",-0.159529043606959,-2.00485652243954,0.119328582507447,-0.211968085024225
"550",0.376069106511099,0.119519993234034,0.504403754581271,-0.348894821460725
"551",-0.790680454122763,1.12070637515004,0.0259784373767624,0.660117900294031
"552",0.956638226368573,0.362988019126208,2.0910575586577,0.775283445149053
"553",-0.269778620732527,-0.135033294933447,-0.788119611849417,-0.459215732343691
"554",0.240142609750661,0.523962680995559,0.986785500626635,-0.581122944568265
"555",-0.362025738782973,0.47530114893719,-1.63974986171565,1.61175686291143
"556",0.73234252921751,0.0491311320437342,-2.01046905490826,-0.232885017999495
"557",0.457187332474102,-0.0630238970184945,0.578451715539235,0.824112149189954
"558",1.49874062326097,-0.220660506239911,0.29960283379821,1.05098516941706
"559",-1.50617864145178,-0.166908819607651,0.856258901407319,-0.0818334293308128
"560",-1.98180799887748,0.849068778931698,-0.070418425583214,-1.60458576176095
"561",1.45814381557624,2.1848860900039,1.17266953773535,-0.576253830372123
"562",-1.96681381401517,-0.389949853460355,2.11224742954473,0.439712150761802
"563",-1.3902445567992,-2.41607401526367,-2.12069970331244,0.523266430087484
"564",-0.148649592812082,-1.0451415241846,1.36285401328257,1.51757848435953
"565",-0.995311243313692,1.49897880754343,-0.823341674244084,2.29845947541198
"566",-2.32105855270746,-0.385181562918886,1.2872092277191,0.618028665521394
"567",-1.0935342138537,0.217785168007501,-0.207098800205831,0.263274657494887
"568",0.547506413020031,-0.170293886064017,-0.91471768875803,-0.536783832862425
"569",2.26958789923252,-0.665416420017499,-0.922842105559008,0.395489984351359
"570",-0.89593527493532,0.719885612802219,1.38538374069881,1.24415937827272
"571",0.862571881397797,-0.0600999879509725,-0.489049751102853,0.26643928762663
"572",-0.225777296075047,-0.0194722165312475,-0.969627901196067,-0.187241850552733
"573",-0.585991265297549,0.487287423051389,-0.278708676606234,-1.14938191651524
"574",1.38830829275871,0.148320299774387,-0.0987585178107133,-0.764478142619619
"575",0.468934303506437,-0.449681273387761,1.64673795922373,-1.34587448492631
"576",1.26430984830561,0.0971907570661084,-1.59648346507674,-0.00178497039410695
"577",-1.03202146051887,1.67119553367812,1.03148937807482,0.840346296721598
"578",0.760604184156444,-1.49221024223568,-0.607610452460891,0.978274670869886
"579",0.535057009225904,0.171275341628311,-0.570971896788276,0.513834572483417
"580",-1.19280501719591,0.647894619984638,0.365808451566692,-1.94282585330735
"581",0.0690447737787764,1.12647325651858,-1.64192832548433,-0.320901613701904
"582",0.0486477671342351,-1.86086415965402,-0.374873654074179,-2.48995212040875
"583",0.313102298872584,-1.49626525716425,-0.642791186908871,-0.488924996720852
"584",0.476222973640166,-0.0411947384423616,-0.542113194364627,0.819054980575773
"585",0.474096898766894,-0.301430931082997,-1.00553169354868,1.11794501338679
"586",-1.04678836989063,0.703167693629657,-0.553438615095945,-1.39073118824792
"587",-0.289342918435635,-1.32579065930088,-0.865112095883771,-1.76541490727452
"588",-0.412856079254985,-1.12706292904699,-0.473382434039389,-1.13680835007087
"589",0.62856663640302,-0.511810297634119,0.0504017190094142,-1.33536202353848
"590",1.06717191265648,-0.915956176937874,-0.818953740091441,0.330309861612545
"591",-0.133864733376936,2.2070318216098,-0.742966093840231,-0.426490062828372
"592",1.55681148901995,-1.52454480404072,0.0220180428496901,-1.57087648689667
"593",0.456095219698449,-0.501220062998656,0.618120083000217,0.973447241153774
"594",0.410182672177623,0.609083563168776,1.44673345688815,1.07160278927368
"595",-1.66931228876634,0.197852439754768,0.269247544356027,0.511227758951236
"596",1.99782860050862,0.0547616393887506,-0.0465034065435619,-0.812774395758516
"597",1.16623567697728,-0.824264878266814,-0.720801916228735,0.651946368124757
"598",1.87148523214706,-1.26273992333705,0.909477494392564,-0.837645249098533
"599",0.204854232372203,-0.787032387131334,-0.354861586723404,-0.599398105201705
"600",0.302381494536921,-0.793035236888245,0.834890713804743,-1.7049198142042
"601",0.388338652210106,-0.488818582852451,-0.0523103597346125,-1.11035182290596
"602",-0.0261181915247656,-0.427682572047571,0.467283167042851,-0.54826317199711
"603",0.10583303707485,0.124091333795474,-0.521989508233447,-0.688689880699874
"604",-1.28168225756736,0.150607633274083,0.166314230263352,-0.0480748032553351
"605",0.027777192620026,-1.58442221509144,-1.55422756464245,0.084374161974936
"606",-0.621527374880651,-2.01568306307064,0.759451957150607,-1.44103021624605
"607",-0.507914027685316,-1.27163273028085,0.777990278517611,-0.905342886882729
"608",0.834139633625314,0.612563125932363,0.127256649395096,1.89312308153449
"609",-2.48538188138222,-1.02307322267565,1.63900474382171,-1.21908570340655
"610",-0.105095166190324,-0.712594522896157,0.486316322166998,0.357792022613327
"611",0.982976494775926,1.43689636756833,-1.23662905642652,1.04692571756757
"612",1.91807834831675,-0.212443447092449,-1.00318922537783,2.41090758007238
"613",0.775363715150726,1.77755908856445,0.677851321427956,0.298112416939552
"614",-0.540613706085555,-0.733149627178754,0.187263094707278,0.0794744833793455
"615",-0.837717344736933,2.68612406769184,-1.26139124219773,-1.4565439587659
"616",-1.12719511764627,-0.511390331965125,-0.0133028399944897,1.04985401715659
"617",1.01074503302375,0.0857647967482327,0.283410094827046,-0.449680420957004
"618",1.27642014836426,0.842569490437909,0.43141999596608,0.728170156867041
"619",-2.13344017770946,0.143057134209402,-0.678297010405997,0.635062464419811
"620",1.54640582154251,-1.64302838168903,-3.4193710346965,-1.31822891415019
"621",-0.661587683600041,2.26389156290295,-0.179218499462742,0.235411998017445
"622",0.0693608840364792,-0.838372249330728,-0.493423850828758,0.195004455299773
"623",0.778309063959142,-0.161849909807187,-0.984610986273215,1.05459378183109
"624",-0.00614304781483665,-0.97087760754036,1.6241304573564,0.574179139151686
"625",1.80310103256675,-0.374046332581597,0.688638269598917,1.16608367408865
"626",1.43419956909015,-0.414391193164316,0.491892353110831,2.0956207084684
"627",-0.459650313122053,0.812791900160933,-0.496777183211939,-0.218549596725104
"628",-0.448322657910213,-1.01492394789547,-1.267527092556,-0.288180105804695
"629",-0.329857397386602,1.34452105163497,2.1187057910865,0.230671716932293
"630",-1.01877365976946,1.87439449872157,0.829086092833859,2.12095720125564
"631",-1.36646267222395,0.200032053677185,1.40491030190854,1.50999290705757
"632",1.81434569595574,0.170727177923522,-1.46109600011861,0.360440904167598
"633",-0.028538196660297,-0.327748874105189,-0.643663737500436,0.705109815829321
"634",0.639349772512341,-2.41927200544609,0.643341465792855,-0.424359389268063
"635",1.60948723424541,0.238295255886765,0.298568001764112,0.648260839679698
"636",-1.19102430177628,1.08539143758141,0.307611444385794,0.728398583273746
"637",0.0844025608613192,0.892770478318063,1.09350507638295,-1.05959840947782
"638",-0.505549993362413,-0.035447937691072,0.26936710037187,0.0339501154649686
"639",0.429925793328065,-0.370294804706428,-0.506642034502367,-0.160076620185492
"640",-0.379162941760959,0.93935670797021,-0.915046810931303,0.479597421782948
"641",-0.546793656112725,-0.0526203168244317,0.482327210117362,-0.0639072652581968
"642",1.61338989859363,1.31599259432407,0.50019478049203,1.23813346536234
"643",-1.27090504565084,-0.489574921130812,0.546501299402073,0.269708148820664
"644",0.472211514670223,0.304269205541052,-0.2429705882654,-0.701628360393519
"645",1.10854732460408,1.19031555414381,0.0819128402089042,-0.094748393002838
"646",0.411081519046498,1.21574097086107,-0.657942888484547,-1.13839833172252
"647",0.792407710257253,1.82268958254291,0.359654214476375,-0.178158503511815
"648",-0.668865982636352,-0.047386931780531,-1.48398262823077,1.07803995567806
"649",0.386693555926287,-0.732900951273213,-0.155292611391494,0.501059680443895
"650",-0.163172273797525,-0.797490824079278,-1.41545418225504,0.844596987551647
"651",0.567967370131063,0.349415732902418,0.187067518149383,-0.506041478422358
"652",-1.18715458046939,1.57203369103957,-0.680927111368705,0.0318222161681658
"653",0.152181112355075,-0.790475619286682,-1.16754269072442,0.999397986488154
"654",0.8010086071001,2.06811426653989,0.602636221539538,-0.199501432101014
"655",0.780560307914663,-0.74778030696322,0.128219377579888,-1.01953569507942
"656",0.689254391768851,0.214737737831706,0.337774645638476,-0.569428767984048
"657",-0.0682394528091892,0.142699250652761,-1.50166969879795,-0.797923407962049
"658",-0.644162092096899,-0.0895574150645117,0.46856867697754,0.467076308853843
"659",-0.823928702988307,-0.504248542444552,0.815334776115763,1.40994683015645
"660",-0.949090476211145,-0.810120768625707,0.0359699623535491,1.06604610223814
"661",0.806453652747142,-0.287423822408794,-0.335021691596701,-1.08159030098755
"662",-0.712967905682402,0.32125769304798,-1.94787302612707,-1.17974719379776
"663",1.60597144179918,1.4757043081243,0.8838942244441,0.201275597370142
"664",0.50854854411314,0.467938831543427,0.938950368579008,0.666533025473979
"665",0.465323909699981,0.737933212164557,2.87311632536632,-1.82088885096978
"666",-0.0438304263786308,-0.628538865179871,0.273404318873477,0.507736792582015
"667",0.517894458897317,-0.860928427026154,-0.512861538535879,1.13693955996182
"668",0.51146929584721,-0.976148008389847,-0.0313257160432735,0.072462007468579
"669",1.13900213537428,0.752523622660275,0.429010288719817,-0.228893350065043
"670",-0.478850099698746,-0.606673140590351,0.775018658952866,0.614767353426829
"671",-0.215289888663407,-2.0911896825,2.58721860378323,-0.0844702635956717
"672",-0.875019481276384,0.817282066101829,1.00171236776529,0.280312516715347
"673",-0.0911496346139535,-0.563290846352609,-0.355496611144702,-0.0480248800406882
"674",0.351200514854659,-0.900884785318732,1.69545325098898,-0.649437789450113
"675",1.91494831920487,-1.61272958152625,-1.72853974252154,1.48262260435612
"676",0.676970278501315,-0.544606414405435,-0.551911535562221,-0.616524726716753
"677",-0.25579527991656,0.114400639115808,-0.382931162751945,1.00679251262907
"678",-0.617843714807447,0.699260383389661,0.679620048861079,0.779475425269129
"679",-0.0348707994837715,-1.73638881644372,-0.248034808298796,-0.441126126288573
"680",0.276798337390035,-0.610108583899754,-0.65563995218902,-0.0952052261502086
"681",-1.92178665762637,0.295408756665492,-1.05393236411178,0.193662844609126
"682",0.136062538792579,1.96010848544318,-0.379344103872354,0.308573061255326
"683",0.0337209061863785,1.00199001624215,-0.119861598904729,-0.144096459676366
"684",0.696264854660471,0.763792182075777,-1.07829618560317,1.23903232172527
"685",0.469066174069708,0.517622968942038,-0.00180826426267011,-0.957043625280179
"686",-0.0161253389825937,1.24108341990772,1.43466994891096,-1.08944107185742
"687",0.827384200703286,-1.26317986075385,-0.797901797895961,-0.0470884541345806
"688",0.360957970020547,-0.0957468395046702,0.190950953549766,-0.0921907810937039
"689",0.125477951142642,0.821044052127836,1.52480615995814,-1.48482511581639
"690",1.34720552811782,0.831730350391667,0.141354215775467,0.116055024187324
"691",-1.06269657152532,1.62827819640384,0.108554042901262,-0.889741358718184
"692",0.658293588262785,-0.75770940783176,-0.565935940992548,0.960654563223453
"693",0.351056320453389,0.571755495930573,1.88786537964051,0.639656113230661
"694",0.250515294473982,1.52613357034961,0.978265930261908,0.13804327850763
"695",1.11318545680587,0.697424374212556,0.416635243566879,-1.81979993830676
"696",-1.16252670207659,-0.337384614965532,-1.19991886112685,-1.16299276862014
"697",0.826600110970072,0.937836697702347,0.0847707184411052,0.0117816425679124
"698",-0.6818705803537,-1.22597856142686,-1.05624165404855,1.0362054681735
"699",0.273748255034041,0.41825163114839,-1.22992214243636,-0.901318139220188
"700",-0.547321841604155,0.266507900621712,1.93860148951851,0.74042206743994
"701",1.41432820091727,1.77402495171236,0.0243281950725472,0.783665081075932
"702",0.312700177404738,0.58086448836592,0.384330785255342,1.32954188413509
"703",-0.789095292075756,0.221282684702696,-1.16079006217306,0.585218031842452
"704",-0.759788072515435,-2.12580120879306,-0.224078416871666,0.47690559587152
"705",-0.66925661980235,-0.0422897593562497,-0.289159872056792,-0.0295333861165023
"706",-0.547837034530902,-1.00265218914153,-0.271222576484374,0.931423025650549
"707",0.771008644899103,0.0544496557970676,0.728757249905849,-0.0573579958908656
"708",-0.040153061859333,-0.831487285792524,0.77017186222371,-1.44188692838489
"709",-2.79917568774934,1.41240987047111,-0.499122477560195,0.436686341666122
"710",-0.407507322248954,1.56000092858499,0.873459165052685,-1.69830679863564
"711",2.61873925858403,-0.326473168987205,0.305787485351857,1.71176606477011
"712",1.27996493474072,-1.80451294159482,-2.01157518605792,0.247933023710849
"713",-2.50241302726293,1.32308744094967,0.696021189268271,0.374581345261508
"714",0.510709992643013,0.127725985377787,-0.273709398797324,-0.1329165106305
"715",-0.750614444546631,0.848433987808983,-1.09791015187231,-0.563012561846233
"716",0.636194151505058,1.74801668567655,0.690948914383438,0.264686878271046
"717",0.0569194532096246,-0.32879126013583,-0.220871884500656,-0.490428697930933
"718",1.89432418467396,-1.75093719174807,0.1105338553675,-0.464160949197127
"719",-0.449011169121531,-2.0673546226783,0.361887271877511,-0.991838271140576
"720",0.209828361717405,0.726109089812964,-0.879602940874545,1.22381245321898
"721",-1.33602716699038,1.87799405178358,-0.307151680435278,-1.46446100753452
"722",0.541627934733424,-1.19326962918059,0.197365529987683,1.14210801614015
"723",1.70865095203681,-0.762190517585136,0.466139219636445,-0.0927252105223421
"724",-0.250086142936879,1.17714585286838,0.812911572417985,-0.181245800684911
"725",0.785072073063315,0.874975753138283,0.758500649377476,1.0435297738616
"726",-0.724290932843663,1.90516576949512,-1.39404416477168,-0.513847419937486
"727",-0.0221487563574898,1.47218625468012,0.0743682801983113,-2.00084142252932
"728",0.141086174982712,-0.695446038140877,1.98263710905967,0.603554166458145
"729",1.38089421203382,1.60442986606978,0.406201590331581,1.03452310149119
"730",1.11619506512551,0.590864585046487,1.11003491472525,-0.92798242110596
"731",-0.230337544581977,-0.793610198126278,0.117709995709845,0.00546199278498016
"732",0.913915358792973,-0.0927546604119239,-0.974228860724615,-1.06719549544719
"733",-1.43847913560586,0.224916559041375,0.146671168920011,-0.586148833607414
"734",1.05997077114264,-1.11070523706556,-1.15756404430857,-0.954033589765044
"735",-2.8072522452578,1.08793680980277,0.125830544314105,-0.76743146361132
"736",0.0316654288360192,0.129166756289164,-0.152016780707131,0.236311490992912
"737",-0.167429213731573,0.74200213836569,0.0102284727700557,-0.278379120728916
"738",-0.670587946730096,-0.245271665313517,-0.802679239522013,-0.198317505612503
"739",0.0293313486264864,-0.38380284914263,0.630493314138582,0.403560687557997
"740",-0.0720063080238702,0.352361934867789,2.16756931443733,-2.50037687274968
"741",0.766859751055657,0.787576752721833,-1.22531688115852,-0.574193299336808
"742",-0.561773685408064,0.505965241206365,1.54139626498695,0.357499839674955
"743",-0.483137146579482,-0.339748488844266,-0.35013965855515,-0.852563661235296
"744",0.213535512764356,1.64238708505686,1.33618573461849,-0.710060640317061
"745",-0.215289137443201,-1.606466375869,-1.30686780572388,-0.167221584544514
"746",-1.06406492118835,-0.668302659235839,1.04768064024977,-1.0179175328603
"747",0.259309835805877,-0.289503102151429,0.620266420847682,0.962778987679903
"748",0.827393161831147,-2.9740526510029,-0.0892979182741752,-0.0854972412646877
"749",-0.796568601894769,-0.651021465862209,0.592015842879502,-0.389084207010689
"750",0.748345133277997,-0.931370875830642,-1.44708674646605,-0.545911218906132
"751",-1.58771737063069,0.550197451310126,1.12466020620223,-0.355111648288444
"752",1.37468317113614,0.169906914364164,1.57213934550976,-0.691219477720759
"753",-2.5933540337224,-1.03863849506795,0.0157166722454805,-1.11550891674891
"754",-0.40294508915072,1.10037773650056,-0.220546060048903,-0.285453359102128
"755",-0.412641568319582,-0.121958524756653,-2.48241149600021,-1.12644849910549
"756",-0.856096799172237,-1.70817991098351,0.551775142433398,1.12864087767178
"757",0.97000574850725,0.239593252555013,0.881733885782462,1.64117090106452
"758",1.42172352916689,-0.364994876027281,0.842556915841486,0.793587960599181
"759",-0.79790106211507,0.156741602202132,-0.307376144776165,0.859769036953418
"760",0.929826624276234,1.64960278644582,-0.83198335813127,0.410675588534332
"761",-0.93673368260115,-0.246629149730611,-0.807067943460223,0.378966237312664
"762",0.850696094676749,0.144587227601084,0.633322630418837,1.6685555556683
"763",-0.309551009855042,0.274279565926353,-1.44791199446158,-1.9977232047922
"764",0.861068393276684,1.17959266932624,-0.0978291408055474,1.31113143693215
"765",0.688509972911316,0.370285556349923,0.520454040180858,-2.09706022876176
"766",1.15431337752005,0.114322118248371,0.744442634776195,-1.04909442967058
"767",2.13281207520258,0.61041045125763,2.34858437139987,-0.0305852782710037
"768",0.0693431419801026,-0.871112734536409,0.473805886605845,-1.39475619304748
"769",0.23411075535649,1.61738800143617,0.0247277554408182,-0.998867468408784
"770",-0.398657191196797,2.27804872366926,-0.0114609688646806,-1.09637251302696
"771",0.146648701842201,0.690982401222356,1.85620194233374,-0.657142850254967
"772",-1.2274253631032,0.393209936333905,0.348617460726228,-0.326369704273465
"773",-0.693367685022967,0.237343987272292,0.5422365595464,1.78774422891359
"774",0.139353286536202,0.173035506629519,0.61214062632122,-0.64375437752859
"775",-1.74626471665682,1.15701056687354,0.833019136325459,-0.0981739917848548
"776",0.441849993031524,0.894668823959753,-1.59154345317787,-0.147184241095285
"777",-0.7311065492921,1.83727006708639,0.290480237004208,0.0185292844963823
"778",-0.510115480047958,0.113048488852425,0.0790962994425681,-1.19699834997153
"779",2.18937043296667,-0.563173268656626,0.618478983558582,0.172198470934445
"780",0.419320334371069,-1.52643913919274,-0.00535064136995181,-0.0207263592435357
"781",0.155226269946362,0.784948877455055,0.345908016209219,2.89484325133703
"782",1.31439481883849,0.957617514642077,-0.948289547360456,-1.9407120629714
"783",1.25087126678431,-0.0188503138041736,0.199580243572431,1.45594159755714
"784",-1.00923520340029,-1.8193426295168,-0.431148279006616,-1.82588464563016
"785",0.395589763979471,0.841318546002231,-1.350001302497,-0.455805550489654
"786",-0.677255669050128,0.205722193003715,0.0414664652575566,1.83374279584782
"787",0.968057941510701,0.0413549047861365,1.39549235156428,-0.035171518311065
"788",1.72562090443378,-0.714944841675101,0.217859632532452,2.03892755974532
"789",1.94198745518868,-0.0563654848898101,0.288626973663293,0.569746976644979
"790",-0.984193360025024,-0.90595395434268,-1.31076328846283,-0.188123116350307
"791",0.441809354085181,0.780282365248925,-0.186230482696543,-0.000649926560839613
"792",-1.95455770436646,1.333056663069,-1.7834303127094,-1.36914756411792
"793",-0.468889892124139,2.14416335576616,2.69109114701772,1.35565414459979
"794",0.648239928186155,1.11100395929929,-1.11724201008852,0.0975079740305396
"795",-0.226954980320446,0.515583855266602,0.722248697393719,-0.520754088206963
"796",2.36600976658972,-0.651319522516806,0.933788847586329,-1.41102007504455
"797",-0.905371504220015,-1.15871667224133,-0.663915802102869,-1.6530512562765
"798",0.539854451810562,-1.41593009738698,0.964025336140895,-0.70948622367903
"799",-1.06279986447393,-1.0824102635362,-0.981257418309497,-0.379100929389558
"800",-2.21274026762077,1.22252436547337,-1.04499681692912,-1.67911123023997
"801",0.49450694312302,0.243162238854136,1.28898677800213,0.530162516940707
"802",-0.125649363204422,0.726368346059177,-0.709567689957019,-1.23398008061601
"803",-2.36317797070093,-0.093823911237355,-1.07876688065495,-0.279936635731765
"804",-1.97600991026473,-0.0838988349498701,-0.15874922110891,1.35847960541876
"805",1.06457859766359,-0.885398660150522,-1.49773111425113,-1.72332873050591
"806",0.596079312755779,2.15401745649872,0.314789719170626,-2.0782066787133
"807",-1.55813257582929,-0.194150452845407,0.203266194157357,-0.682708766572934
"808",-0.442068413935767,-0.752271214442936,0.307325911189945,-0.594033264680144
"809",0.241541309392933,-1.71127611945046,0.432128039990965,-1.13402415990173
"810",-1.28093932968121,-0.148617038122537,-0.525595044166763,0.0663742546127674
"811",-0.368124714629064,0.519297535693979,-0.0716305966276778,0.763972372139032
"812",0.118541272493462,1.12401560948792,0.753598701436313,0.0815932513642574
"813",1.74890820470735,0.402972231212187,-2.40614396800301,0.178966192753852
"814",0.0922661288189593,-0.554963597542209,-2.33880485288293,0.0778367767939631
"815",-2.00180977853124,0.452416736618958,0.250123850996417,-0.0504773176548122
"816",-0.11399833017498,-0.343717027328027,-2.26548942269456,1.71810791247579
"817",0.30596832719734,-0.274904526844612,0.649033593964511,-1.86595494417907
"818",-0.288908607535733,-0.601306153883666,0.706067740950005,-0.0338784542918856
"819",-1.95921049158416,0.853228979131335,0.349941799510275,-2.15984895602111
"820",-1.81981202122704,-0.181778854545115,0.230662451529116,0.72843483969836
"821",0.73303746448788,-0.81501486133543,-0.957147507215852,-0.124843828020071
"822",1.50029395940449,-1.93195980032611,1.14050701467469,-0.844008781420275
"823",-0.417873189915405,-0.153342980247355,-0.622514281507748,0.0103805056174782
"824",0.878601556001255,0.65210252989404,-1.37475371546247,-1.72062897558984
"825",2.70080015577196,-1.47148165038019,-0.326614206573354,1.51691121209452
"826",-0.863812856438325,-1.05158379065926,-1.31046128965988,-1.23358988476778
"827",0.917957950855963,0.341771278937371,-0.396514725441132,-2.07921411492348
"828",0.072664896246979,1.54566762210001,-0.662537452608701,0.553876478387928
"829",0.308710150853488,0.561008070227157,-1.08552911930446,1.80838718514054
"830",0.378066120320619,-1.39611205698001,-0.840028251864124,0.481951314361299
"831",-0.593167479503401,-0.644746739303379,0.573058506638628,-1.21037880971318
"832",-0.354955447885182,0.173117489869713,0.143345664375621,-0.357072052343684
"833",1.10238116536963,0.395434954403859,0.307052082232377,1.64451024713479
"834",0.136586931130655,0.200898836886447,-1.37132471318361,-0.0473760486037802
"835",0.0158217283295826,0.250418760214067,-0.419116779735097,1.34901698341392
"836",-0.644032639671905,-1.68722987852196,0.673908865940712,1.71464987627818
"837",-0.454383836698548,-0.155911030269836,0.00827820549389363,0.77683969682198
"838",-0.659588672199746,1.66042239103243,1.96539589365734,-0.192298941802763
"839",-0.725451927636864,-0.563763196407836,0.511985355037772,0.2296988552779
"840",1.1333791613378,-1.07051074837924,0.846286556323083,2.46150198130039
"841",-1.03835645323063,-0.252185541911442,0.431460969220599,2.65451197961356
"842",-0.894257644801543,-0.03777717252303,-0.227696789004777,-0.456493705144714
"843",0.0212299585094046,-2.31947445714867,-2.18267215024837,-0.801072659539554
"844",-0.201946643396266,-1.05150707499211,-0.079965322957736,-1.2834841463479
"845",-1.31743943247362,-1.2103936677581,-0.0883029676078088,-1.09512328637299
"846",-0.32597009842013,-1.52709681535197,-1.28740434281292,-0.569745887065059
"847",-0.136483327973824,0.44345684095817,0.247866561522145,1.24878583632544
"848",1.25984354354744,2.29272393222468,0.718935518466227,-0.0836092272458899
"849",-0.984696014895941,-1.03038562291344,-1.00950515275662,-1.28447226299279
"850",0.854715089803061,0.682392863697393,-0.0724838458670561,0.943824588446612
"851",0.145456654020871,0.930700364643275,0.607281870886809,-0.280943437163149
"852",-1.16895657942486,-0.187489917284817,-0.455823184179591,1.60351020938207
"853",-0.887894696679309,-0.324369518350073,0.506271768107129,-0.526275609786589
"854",0.257050376043924,1.02550340426145,1.63031270061002,-0.144653648504497
"855",0.380040290450193,-0.335497154265253,-0.0274837262228521,-0.622357806973725
"856",0.469907613737513,-0.783020023490725,0.0268903717468113,-2.04646674503222
"857",0.516154514894495,-1.19115131999173,0.335271667384588,-0.623374201746625
"858",0.776477745926936,-0.0855578517416265,0.116910113763562,0.00538545592022929
"859",0.630279875048777,2.3090099374743,-0.475662429448861,-0.545225329341855
"860",-0.844640363530636,0.146688667594088,0.173831078981812,-0.218646300529022
"861",0.378320232839534,-1.67563197870498,-0.417843371008197,-0.424890834290481
"862",-0.40485899655291,0.340689175136904,-1.07824454367502,0.907981842359629
"863",0.367299710365832,1.46177004037717,-0.638415305361073,0.0748367584299505
"864",-0.128591532519031,0.462035585269565,-0.846421095058566,-0.0742183184038247
"865",0.69463528252666,-0.552081713887956,-0.314723524803152,0.610756835682698
"866",0.804432684237358,0.567674754543763,-1.17500667761113,0.845616196252007
"867",0.699279800987305,-0.0817641960719306,0.392382960211709,-0.566736290962021
"868",-0.198968573092937,-1.13338957786387,0.1456722627949,-0.140133896226641
"869",-0.353175620730239,2.42176111910635,-0.20362778568996,-0.828478841442389
"870",0.380440478779454,0.135173487458583,2.61182426661194,1.24507087369018
"871",-0.813718622648485,-0.545195360608335,0.0368919077517966,-0.0355172365119212
"872",2.69568987044213,0.617858316792422,0.678339157364374,0.419034079223191
"873",0.118125132519336,0.94995037343709,0.0126075601858521,1.3784466945651
"874",-0.0604759188482656,-1.18698730155316,-0.269275309521811,-0.616623948582948
"875",-0.143182791119184,-0.0342720155172987,0.606865753659802,1.53766832270105
"876",0.645622053745626,0.239385750160274,-0.0055899542576741,-1.23469921009089
"877",0.0692378425544411,-0.0778432408455501,0.786804496599566,-0.995548545796546
"878",1.8833935968351,-1.7282185834704,-1.90244065046578,-1.02611492582314
"879",0.765883563285218,-0.0798183704895267,-1.03842128860115,0.434962836156329
"880",-0.998822601997387,-0.240472836598843,-0.498032445393451,0.915381574242647
"881",0.621328526398837,-0.797959330085913,0.0139593515805142,-1.81165275874698
"882",-0.910663069221893,0.916033079108679,1.61571701841981,0.812849951734043
"883",-0.0721361505621106,-0.788448258488475,1.09700675236561,0.938147455778119
"884",0.125783454316895,0.595544784588911,-1.13320579748076,0.862150235519915
"885",-0.129724266008306,0.109978189132778,-1.6112237039673,-1.15227370847393
"886",-1.15416385179408,1.09704739231388,0.915493517384793,0.0879778460391543
"887",-0.508642586124599,-0.412573146022322,0.140141347925627,-0.238649538723065
"888",-0.775975525243997,-1.63985669323668,1.18164132965518,-0.814118213672243
"889",-0.877426239684154,-1.49737121884868,0.878637834781341,0.75291182170624
"890",-0.246364172972961,0.607842500169425,-0.830326946372082,0.607437271778239
"891",0.605055136494678,0.829061053035852,0.937114116798315,-0.469954462634723
"892",0.0609558653452766,0.509007187994959,1.85496521650948,1.07118036679673
"893",0.81934709013258,-0.0565791934348648,1.00628285612466,-1.13475627668404
"894",-0.0313595862813772,1.02062691102364,-1.61140706332901,-1.70735606092914
"895",0.125281693178629,-0.757630012516756,-0.510732352070825,-0.829711167427848
"896",0.489630895621734,0.625225231918266,0.267983836903756,0.21181022963852
"897",-0.623571539336632,0.639651836349052,0.85736249067429,0.21370619837799
"898",1.08704573781657,-0.261850879614089,-0.600618058628747,1.78476115551319
"899",0.438932253204861,-0.58095316878955,-0.112260666997074,0.355801648616694
"900",0.926521726252245,-0.333136160917475,-1.30473807636072,-1.06539544071694
"901",0.599567070920565,1.87079334088454,-0.0336730846400581,0.359996976811755
"902",-0.0961234397568752,-1.69128142846647,2.25069115546851,-0.870147286249668
"903",-0.847063832917764,1.05725430742918,1.39162531015583,0.549310393646716
"904",1.01886794248258,0.793359820265512,1.26287585654953,1.53589378834889
"905",-1.53680311384161,0.220506199759949,1.71525227785684,0.801603690102569
"906",0.160688488682148,1.55243856488406,0.451333827285494,2.47359268869908
"907",-0.438270043908564,0.291354442703549,0.931225865834899,-0.0136468089316066
"908",0.498903287852469,-0.758188850238963,-1.81121494377944,0.724559784602997
"909",-0.561683651323758,-0.935957598719364,0.713559622271966,0.689299565503914
"910",0.58932549502029,0.918858487571203,0.271337885389688,-1.02126907408124
"911",-0.347013849732224,1.03716396940055,0.0197772872780939,-0.0364572006828494
"912",1.76265752207982,-1.52756619962364,-2.00978894277424,0.384917885804199
"913",0.197408739310865,-0.567882943151068,1.06139761551538,0.954128236648515
"914",1.31953714039909,0.474685751052055,1.16322536041353,-0.321650745225214
"915",1.5373378891967,-1.10727154913005,0.841807753327507,0.333206508919191
"916",-1.06137204486425,0.409948593387145,-0.591942840243344,0.144355641695903
"917",1.09257197105189,-0.827399830436065,0.306880003004735,0.507194735783918
"918",-0.398763072572905,1.24090357097664,-2.12047460975552,-0.159404407008765
"919",0.411661634734915,0.634920803607073,1.64040949850917,0.202945516152144
"920",0.00459702009541445,0.280152416110264,1.75804672703945,-1.63910325482438
"921",-0.622328121650847,-0.398039488791043,-0.389139608945569,-0.858031549908323
"922",-0.99388499054517,-1.88404257592134,0.208278612438087,1.51218795180234
"923",-0.329900222254164,-0.314438429082381,-0.867336314212237,-0.295663487904651
"924",-0.116273665789124,0.501112639359176,0.773668421447525,-2.54074101896732
"925",0.0325185791245801,-0.83231490970542,-0.716596445962888,1.07098066563605
"926",1.12761790495307,0.373599059554312,2.08764021140195,1.92547661515668
"927",0.378061776686624,-0.856320221382063,-0.37341308206737,-1.40963041833422
"928",-0.761732077279089,0.514281611612781,1.06414680967415,-1.17935859827995
"929",1.18076889626856,0.938031347315621,-0.0393350823440858,1.45158881792352
"930",-0.602772952636382,1.6186641957071,-0.17786962315195,1.10117685434687
"931",0.495887728019775,-0.671759698817507,-0.736814512581687,-0.175387825434935
"932",0.217642275565508,-0.115530747323269,-0.433672616452555,-1.63478388883801
"933",-0.400041597800112,-0.563575128070612,0.350365200749451,-1.61235531279235
"934",1.091027316878,-0.0730151243131447,-1.95331252558534,0.0572059849827723
"935",-0.167903055306812,-0.661686375055388,-0.065074734666957,-1.47750134933827
"936",2.27073045712648,-1.10161629007404,-1.49077798553567,0.0699274040667953
"937",0.432225833024865,0.0850160067761268,-1.21415568224143,-0.978684958790689
"938",0.160524830292058,0.0791990861937592,1.63273501452865,-2.12496487976341
"939",-0.179003082724906,-0.626821284942647,-0.588589046453876,-0.744893004969488
"940",0.982479707193902,-0.666198336965904,1.52449696230418,-0.998234505577964
"941",-1.88959312855149,1.51217206365429,-0.981425148364452,-0.879820840888693
"942",0.272544639413539,0.349185214818947,2.30828405283049,0.893068855607436
"943",-0.0301777749839154,0.707554046457612,0.959093596649714,1.79214159910191
"944",-0.495473411068828,-1.06746233191687,-1.23910789370411,-0.881292086578099
"945",-0.439400036237761,1.65130802394749,-0.768506706509238,0.591686425933726
"946",-0.289277993574314,-0.234063053226661,0.117814119339957,-3.17457741287869
"947",0.547359488351055,0.172911429402609,-1.06209294732639,0.0317387063482377
"948",-0.196339539339886,0.745191663960367,-0.0844188972258194,-1.37395412736407
"949",-0.219326432187322,0.17709126320679,-3.13195153730574,0.907258735080988
"950",-0.151374174603172,-1.27648169107448,-0.858438278393384,0.388870387282813
"951",0.422623485903267,-0.654002364014441,0.873460136213483,-0.117752330810449
"952",-1.78082769197232,-0.547172310897089,0.813095924273055,1.90622072263124
"953",-0.539889264138566,-1.96738421274749,0.0306038889197888,-0.304010213025277
"954",0.183231402857704,-0.830782960419187,1.23727408478636,0.674375948895783
"955",-1.41533522022171,0.769169968200122,0.457404783272506,-0.545909921279784
"956",-0.705659902891601,-0.286545065256056,0.119874113523746,1.17725512128288
"957",1.74606004690985,2.01923940682179,-1.55891206633346,-1.61387330108854
"958",-0.159869820838432,1.19452807005134,0.89063955416195,1.12257802522326
"959",0.851680234866133,2.02995145447672,0.231643352042163,1.09589479548756
"960",-1.5811612665864,0.0962693566524329,0.499799961059018,-0.286465286701104
"961",0.956060816949212,-0.0010414342263747,0.87958225633693,1.83526498262733
"962",-0.432768061622186,-2.66745037589606,1.68678391986653,-1.19639410104428
"963",0.0376224515180459,-0.147973802243678,-0.748854582295517,0.758349555382118
"964",-0.388668160142243,0.263531697487481,1.4676842986045,-0.884000577849818
"965",0.304195853520786,-0.934637549184265,-0.325586462330484,1.50212343972381
"966",-0.444744635814483,0.0707946260488773,-0.99618273588824,0.716896893246914
"967",0.188401717828876,2.26146498196134,0.885691616446501,-1.12546951956577
"968",2.17984152577373,-0.305250164382758,0.0510615796992484,-0.984163988515274
"969",1.64861124171213,1.09473300705702,0.694287297717655,0.765819765873193
"970",-0.933008871417182,0.242406530237077,-0.835259707327817,-0.186103996399243
"971",0.158150213661333,-1.3305025966268,-1.31394066332299,0.866152162056353
"972",-1.3805825883798,-0.515815091468076,-0.0503718833320811,-0.525075010759657
"973",1.83888219795779,-0.756023671356325,-1.24033513101541,-0.972704116310929
"974",-0.231744775215311,0.436217804350873,0.105933191111102,2.15980845181565
"975",-0.556288252836224,1.59085720595957,-0.600325194349049,0.0788032573457804
"976",-0.385820738004874,-1.46767853270147,0.409918804363508,-1.51718113961343
"977",1.1748115418873,1.17522498305074,-0.661649028789034,0.598943105801825
"978",0.305220261249068,-1.42940032591722,-2.15942249146384,0.338471232046051
"979",0.154121723396815,-1.09626625964221,-0.429357681671906,0.717037086894687
"980",-0.528075416691974,-0.761414168946016,-1.23918960117861,-0.916749306891085
"981",-1.88411889089636,0.882084058928047,0.214248487311103,-1.87190231483515
"982",-0.176481419764026,-0.0516472559568987,1.5073226949546,-0.778940366432932
"983",-1.81533602394862,1.51527315231031,-0.783305413808426,-0.138841046628229
"984",-0.219307871715965,-0.296562205409063,1.61931656231225,0.922623409488088
"985",0.305447014086599,-0.262030140590159,-1.14540010189043,-0.57603865101441
"986",-1.03983387386784,0.226765321780459,0.371439916805682,-0.540115364225961
"987",-0.361496658080406,-2.11033429121515,0.573179422180636,1.51644154436425
"988",0.379431775363052,-1.22408939509321,0.540229554023599,-1.86036163998881
"989",0.0699785933095347,-0.682301907567273,0.129707214274857,0.272116971174761
"990",-2.5002514415557,0.197436026581811,0.639207064478027,0.472303254169516
"991",0.0583990768783093,-1.42138028469746,0.108439461294382,-0.0175214440088382
"992",-0.790286824500187,1.31237232898371,0.354887119858313,-0.509379705764081
"993",-0.383406287629834,-0.719997787106895,0.338866716803383,1.41270798846205
"994",-1.21455392256679,1.08553662212467,-1.46584601408264,1.32613867704674
"995",-0.521107488335575,-0.31801029546792,0.294582141090534,0.340670111941369
"996",-0.634667191599104,-0.625416327627323,-0.401612288026258,1.03201038186948
"997",1.63341704420597,2.64318838414758,-0.414036798291912,-0.39044466598262
"998",0.711891721904446,1.03180182622199,0.698421177107248,3.19123321088263
"999",-0.151264302089427,-0.253126426119401,-0.981836446367039,0.559511063625267
"1000",1.28967762646222,-1.33388636431964,-0.973666038270579,-0.654263329592456
