"","v1","v2","v3","v4"
"1",1.24036438684716,-0.890408833033167,-1.28431432095682,-0.506566200476584
"2",-0.574100299983724,0.270249743982704,-0.931287514383424,1.44170766088623
"3",0.300928440154323,-2.56709361703461,1.64538644510267,-0.0828250206015957
"4",-0.891459917771686,0.0126950547721196,0.962255980602841,1.52700943178866
"5",0.95240373774537,-0.55471081354015,-0.150575375970515,0.794825458557839
"6",1.95906047925582,-0.173303551282416,-0.836116666806813,-0.123176753834361
"7",-0.344688576252118,0.0533154502401043,-0.0574619024533875,1.93862470519877
"8",0.483637217875688,1.68128604900349,-0.94343947556209,-0.525339723562109
"9",0.0650163704629384,-1.61959805022429,-1.67278570019143,1.21458276144667
"10",0.295682051157244,0.672671091718274,0.115067245441058,-0.901458196766492
"11",0.317113448360563,-1.08667160388196,1.33046129105291,-2.25676482745888
"12",-0.292660700751454,-0.525871128470257,1.79411965221608,0.159729580568317
"13",-0.546008653824798,0.0969560356892023,1.71482800328984,-0.617398377267762
"14",0.0741695560414686,-1.89276988810882,-0.612620060373766,-0.433603496994536
"15",-0.32060259326531,0.781577927771889,-0.0133936518808144,-0.483479515994616
"16",1.50200935683759,0.477588271414996,-0.204307100354459,0.32574012030567
"17",-0.114382518085948,2.37625539699466,0.432655275527076,-2.39066180898675
"18",0.65933400673308,0.518686872821722,1.94936149000028,0.55140849816422
"19",-0.640218078741508,-0.56675153458421,-0.647597825310153,1.49435044818788
"20",0.673630091270463,-1.26292624542259,0.590382636008024,1.12617437041263
"21",0.0853617173809189,0.429670713623867,0.950495309772666,-1.4573058869223
"22",2.47046742612893,1.16948634493623,-0.254681096707585,0.599865125770326
"23",-0.349510755354137,-0.390738078897625,1.2108295764275,1.07361834847054
"24",-0.813451794514048,0.681777900004202,0.771838642528125,0.75664526580787
"25",-0.582686091101408,-0.0699733429808517,-1.8970474280384,0.210778672427965
"26",1.28800898634567,-0.296469292809828,1.33496451658317,-0.309846160043661
"27",-1.6122639479196,-0.426252418436829,-0.661211817,2.05850717440241
"28",0.773739695557668,0.166523491002411,-0.317073827076758,-1.63789851463556
"29",1.26874263495413,-0.442756532402175,0.701914065477485,-1.41972450765737
"30",0.703606515614097,0.0774176672406603,-0.982128383163549,-0.489725948426295
"31",1.27530535404307,0.958222796145638,0.646460078998843,0.43637015011944
"32",-0.229655312540369,1.46803573487538,0.7818090466656,1.43127523912233
"33",0.256072946636193,-0.801522404681091,-0.616422509701691,1.22911990632454
"34",1.29629118385602,-0.407858030775331,-0.10678059321724,-1.00281622578467
"35",-1.04390232357948,-0.395256010955656,-0.371829825977107,-0.022845864026151
"36",0.0109986370296595,0.363741578833279,-1.31493407539428,2.75424550741995
"37",-0.425656756736337,0.123673167341377,-1.84016710044903,0.303575602730137
"38",0.795518149974344,-0.404719922548126,0.795971538186289,0.836760234869124
"39",-0.731809410653246,0.490230778922934,1.42494002884171,-0.562067213496565
"40",0.78540185780913,-0.827510637526306,-0.380555722447285,0.395633468437874
"41",1.10518715243714,-0.185797312042885,-0.0881740270159528,1.58803868020072
"42",-2.29717816166809,0.334000423822316,2.0744645120619,-0.121242092865084
"43",0.194879657474653,0.500295304544181,-1.83998123668861,0.125047674593752
"44",2.46656129453045,-2.21536926502124,-0.0830665864803411,0.739328438408086
"45",-0.0294424797056941,1.11760721490201,-0.219659259026963,1.30686080353616
"46",0.787807250862352,0.22076170848664,-0.481396624559384,-1.39570065582909
"47",1.49924231414685,-1.36849472097015,-0.593335371600693,1.36758529064676
"48",0.56466186826115,0.367707522777511,-2.04218941819471,0.375294941920682
"49",-0.489993714485442,0.763147151694955,-0.254732689866822,-0.952542327492549
"50",1.43688451581744,0.725609380283046,-0.722593991311866,0.148176580259184
"51",-0.278378274982436,0.5430363891251,-1.85668274091484,0.333710592959235
"52",0.533361935282568,-1.69243874785714,0.707000055925837,-1.37952131036257
"53",0.165117414314096,-0.832411252845618,-0.787865218542784,1.51499455981772
"54",-0.109613719220263,-0.0598863496029771,0.347044259727832,0.179503906318276
"55",-0.759472172253106,-0.878987982785705,1.70585593039313,0.662015035285343
"56",-2.53682910587966,-1.47123258398458,-0.480029954184277,1.23221175587041
"57",-0.109688634686407,0.160972647093966,-0.194888392788989,0.105721462015525
"58",1.34501842946762,0.231618493161373,1.40302636959559,0.164667994925265
"59",-0.97956196349543,-2.60161248814303,0.221013824566973,-1.38015954854306
"60",-0.463914360558601,-0.00556583856762593,0.978310802104347,0.0154705697645355
"61",-0.704292944378424,0.843332480487471,1.08130416381041,0.468651240687839
"62",0.847942493056432,0.22282946408392,0.540560314600886,0.534576092226127
"63",-0.052629635872641,-0.139536024172194,-0.308443719338013,-1.07302252194879
"64",-0.434813097072652,-0.915156579423009,-0.347064451747092,-0.132450078972522
"65",0.5026581569646,1.72387510390545,-0.852397516575778,-0.425228505738288
"66",0.0739599190181429,-1.01179411872641,0.470933748434782,1.06711245926601
"67",1.36050482537103,2.29164208634215,-0.66020485931596,-0.811856307483789
"68",-0.0751391998977564,2.07573599954504,-0.518280683522078,0.925111819711266
"69",-0.660360745733271,0.612783102943308,-0.282068683908067,0.98821304310846
"70",-0.71803399025224,0.924329767150184,0.528690835039396,0.668535515413111
"71",-0.0219174310560732,0.788973460670539,0.74711745041788,0.305088419379179
"72",0.281988407387462,0.408547042752514,-0.768726124476643,-0.879911985770228
"73",-0.763029367623619,-0.586996986258718,1.04771966889486,-0.257893001095442
"74",-1.57523314834304,-0.623466628969514,0.604719020032155,-0.116595562021594
"75",0.42943250043428,0.759701584010117,0.183503301920487,-1.15584700981049
"76",0.631591515504284,-0.241975945616367,-0.503350312348615,-0.265518088275409
"77",-1.33835656789995,0.420292167328491,-0.210889634220978,-0.105998878046271
"78",-2.76510697820739,0.533271806309562,0.630152490970368,-0.457200652174654
"79",1.06510343766309,-1.14490281155672,-0.638091894111556,-1.39378191820658
"80",-0.413551927787608,-3.18556146371723,0.541462710034332,-1.15541858381547
"81",0.0931081329911267,0.0926800897312494,1.47890582219939,-1.00978996498271
"82",0.682629671103521,-0.755824780376517,0.324279210326373,-0.521867387765119
"83",0.199429415136735,-0.548959732538525,0.578122303304635,-0.33603479713086
"84",0.943645719854846,0.072075861974009,0.358099725846862,-1.16766057303048
"85",-0.724498634141418,-0.610244931312045,0.66801999406062,-1.51994732720686
"86",1.17561964519583,1.36755174530461,0.671769185199249,0.0467025242834966
"87",-0.195092177490801,0.912026933638072,-0.189037466012217,-2.45223073717106
"88",0.00262075772050479,-1.36433505879102,-0.453347484063783,0.73605377869705
"89",0.295296583713246,-0.48209837582869,-0.177247987846543,0.853084239976671
"90",1.42687848233816,0.14836616225067,-0.346982035155715,0.29308883581198
"91",0.251756854038215,0.650070128950751,-0.0685590728571213,0.102590896327929
"92",1.22746331786507,-0.202150325246884,0.0319463294027259,1.94807707673854
"93",-0.231170578742403,-0.294147793373511,1.74262104528162,-0.240320260669763
"94",-0.0350184291790874,1.14914327716833,-0.520373862870858,-0.400434460185439
"95",-0.121378817448425,-0.353210237055378,-3.36297355136436,0.3647217041967
"96",0.103559716288894,0.197905326733392,-1.23415909958599,-0.156962932709607
"97",-0.719648813531593,0.577208194549479,-0.858553640884255,-0.31502446989458
"98",-0.502257896988264,-0.969490140331255,-0.555898936840427,2.49918812222263
"99",-0.939336418803983,-0.74007928018076,0.219702544236365,0.276085761289239
"100",-0.246433833256968,1.17108069214876,1.27941666040907,-1.31945257019123
"101",0.430676663756295,1.62841279755585,0.186665124063382,-1.2438767993473
"102",-0.957460623627219,-1.10747831468761,1.13221361129772,0.0224877746557246
"103",1.30036827268627,1.58438139112965,1.27286121602497,-0.786404244161765
"104",0.999817844538101,0.277702668119069,-0.368516774925097,0.545548630153907
"105",-0.877939570009201,0.064477183969362,0.298927863400191,-0.748222624828427
"106",-0.916312769137938,0.699133660576496,-0.517716375702429,-0.445583709666495
"107",-0.559110048846464,-1.72605751107453,-0.814920925306932,0.0690125248490561
"108",-1.94216437859403,1.24999631118445,0.236824931983552,-1.79361262468706
"109",1.02159382489109,0.408793435708784,-2.00631613206487,0.157822696792603
"110",-0.635308071996805,0.95581337136879,-0.944872829010935,-0.642373855612918
"111",0.653871884696086,-1.74438829540045,-0.937973562699409,0.695670475483897
"112",-0.496649285892239,0.420255220895388,-0.532500577546005,0.377403666630511
"113",-1.70107357260136,0.455454836515644,1.3559744724339,-0.832238066431266
"114",0.358129832918391,-0.416262080129559,-0.873393274894633,-0.636116010082087
"115",-0.312747303485849,-1.38246922634477,0.0763595030659379,-0.0088286065662136
"116",-1.67050007171892,0.403756682642624,1.37849190073825,-2.14489367563473
"117",-0.559569515752219,-0.448853309476021,0.287090823287938,-0.322203097330962
"118",0.338137902189752,0.763623586218934,0.873503826858196,1.18814482508372
"119",-0.384116425425572,1.31655936161599,-1.71374867483148,0.965023012848736
"120",-0.149721417349729,-0.351118703936887,1.16780476541248,0.24041316105199
"121",0.84893220704355,-1.23969557277554,1.18589970655802,0.834828402902895
"122",0.251012004242732,1.41274843061753,-1.3005823562096,1.24946176435485
"123",-0.309980058688345,0.0697939573590821,-1.04740903839986,1.08304909396033
"124",0.395709780276302,0.153712847381039,0.991624539841293,1.92591923545865
"125",-1.86390258574165,-0.352539679616915,-1.07878013633713,-0.592022933613193
"126",-0.257858215112647,-0.369432771737726,-0.0479718080367925,0.17375548422151
"127",0.745057503279629,0.123573490672609,-1.17311807913167,0.982584656362702
"128",0.0504735360235815,1.61890505519994,-1.81962077296008,1.56366147010463
"129",0.830111514818112,-0.989500444442374,-0.921900104033199,0.499957296721476
"130",-0.693326996625407,0.813439962669671,-0.0590878219423897,0.992085123183259
"131",-1.29104020136014,0.603599243808995,-0.142976060655198,-1.2278255673917
"132",1.89957205863236,0.0918762747039199,-0.360919210633838,-0.493271769718819
"133",0.940450608199958,1.13497320327042,-1.60707655630823,1.03812920881366
"134",-0.312277205857878,0.634832422566861,0.23953251165529,0.421335454332677
"135",1.45831980754097,0.201814392772632,-0.0418931418485524,0.654230997745002
"136",-1.43314911600045,0.884421285797635,0.15602967369366,1.66143240389449
"137",0.194878667901474,-1.07199855368418,2.33401026451293,0.839895339674439
"138",-1.27306308179928,-1.40101988359642,0.0944507739808405,2.37039513765431
"139",0.883285988014727,-1.18421536935218,-0.730279250852714,-0.573835271877137
"140",0.894900399778129,-0.813817286669396,-0.943048663845043,0.901520120202845
"141",-2.31168104006363,0.187464061543692,-1.0867622808002,-0.435143698655074
"142",2.08918076962574,-0.38677193642778,2.78453377043399,0.770673917180121
"143",0.021761271545512,1.80140559654499,0.754717978020615,-1.16613106795291
"144",1.56031120988349,1.55377979448246,-1.1193172399993,-0.27444325008412
"145",0.998500934929267,0.451679567921101,-0.876282403451313,-0.363233718038094
"146",-0.292555798917699,-0.670883193586759,1.01967323334316,1.42288226005208
"147",2.0701006589424,-1.04021564268131,-0.564662225501294,-1.49995275450336
"148",-1.65882412964896,0.61918311859588,1.00448301804227,-0.446717933639932
"149",0.942517830739749,0.612310329800027,-0.820043882581491,-0.572639925128646
"150",-1.44566716788827,0.651061258729783,-0.0198403900753673,0.772557407104617
"151",-0.605789199741811,-0.687762643546472,1.26422216755526,-0.155546251739119
"152",-0.354223938345524,-0.807995232264119,-0.462776922888351,-0.484662998430409
"153",-1.3100072120336,-0.772395801884927,2.5507562228012,-1.30738751156943
"154",-1.18295736544471,0.328150126725026,-0.923538259520763,-2.4065934434836
"155",0.372636132506738,1.36295680520929,-0.142731260028816,1.64931908129832
"156",0.017688506022446,1.2921707242579,2.74446112001976,-1.15025082994674
"157",-1.44531797406684,-1.80281868232241,2.4396258410036,1.42831839502856
"158",-2.6184946732394,0.325980614571911,0.784051086295161,1.36820746787895
"159",-1.29461471070206,2.32820065447509,-1.13582532502382,0.948903522601505
"160",0.840156025203137,-0.640863661266878,0.747521983242093,-2.06617086857637
"161",0.426982908287866,0.770121615239421,-0.319951522726655,0.871004492546112
"162",0.964068278774204,0.266946281686882,-0.300872980945834,-0.679049302946393
"163",0.0927260878486569,-1.58700635135504,2.07148273162416,0.791094710121432
"164",0.743631032737671,0.642584268435917,-0.627023836581396,-0.120632309081401
"165",-0.585792483012267,-0.132768836660158,-0.469921777603909,1.08884237939901
"166",-1.12338274703589,0.104610095349865,0.765339401511752,-0.822109087826849
"167",0.166777505451771,0.617200750260279,0.691409977414614,1.5877064744153
"168",0.527044291484826,-0.684887746356561,0.893367499060311,-0.965766326042923
"169",-0.218266552675954,0.435453367149341,0.419889429316344,1.33452061467928
"170",1.71528455517147,-0.266194017687916,-1.5598343025226,-1.77678825506183
"171",0.55339312228176,0.888746359508134,0.0958128225439697,-0.0702791683454788
"172",-0.0727526711559054,1.3858846087398,-1.66654945903447,0.879281621704831
"173",-0.495853873153497,0.633169552517755,0.616648185052562,-1.00442470272808
"174",-2.84359953294919,0.561236518652677,-0.77527075230003,-0.549992239447571
"175",-1.86045323689328,-0.564706162552986,-1.65386375320139,-0.0971534927163647
"176",0.310583154197795,-0.427127480467658,-0.123132744147185,-0.306343681465836
"177",-0.034289538846973,-0.0706701190162608,0.804479162438591,-0.0738843994635014
"178",-0.234527645541397,1.84523957457968,1.31659177813193,-2.0137191433431
"179",1.21088829923521,-0.717106281319946,-1.30378452489432,-1.5350261395658
"180",-1.00414870323247,-1.21950708170562,-0.592634574953593,0.979231852749336
"181",0.217471954912298,-0.134016199305224,-0.511840074464498,0.538577142285289
"182",-1.16769152244503,1.16317619587396,-1.2886677695706,0.259460368375919
"183",-1.21769826881571,-1.00849244460092,-0.418233239116576,0.268325223086398
"184",0.328266008185618,1.14062540151103,0.2271975603641,-0.895250901185991
"185",-1.70839373096771,-0.818656741906591,-0.306609205000845,-0.69331424057072
"186",0.435720603158884,-0.980353073739212,-0.0826876543417049,-0.424906202993228
"187",-0.336369343812806,0.125389717910348,-2.60740408911698,-0.767785051739464
"188",-0.525142821921787,0.414134718890051,-1.70472984094932,-1.12415375740035
"189",-0.736638448240046,-0.696986722813232,0.324087282960041,-0.0348994578513039
"190",0.929529645202599,1.13513317693735,0.0638782319333822,-0.464620255656838
"191",0.734372896898223,-0.667283116671629,-0.0050746576480405,-0.943957333501043
"192",-1.57682494859704,2.26913492509164,-0.282456947822719,-2.0006627254079
"193",0.427476286569882,-0.74175378959466,0.0572865240410252,0.247686279802606
"194",-0.0578766117304581,-0.53536968279995,-2.9878909117163,-0.428307923782895
"195",-0.197171856220807,-0.739090668778924,-0.219793617408495,1.03491443949943
"196",-0.811103021213414,-0.669423610553849,-0.905837169600431,-0.578095312786628
"197",0.340264498185176,0.65031783709867,-1.11074632503566,1.31191807356318
"198",-0.171353445412232,-1.19909362691122,0.432727490323589,2.16350289408933
"199",-0.193957479823392,-0.137396699194538,0.924974443061196,0.854250735585174
"200",-0.458822610241243,-0.267773257780799,0.102900029372936,-1.24967809722065
"201",0.873187215359644,1.8349317763377,0.721611170817384,1.00151279903769
"202",-0.21850931713266,-0.505974298881357,-0.876953246405077,-0.654034051477941
"203",0.327667368470511,0.356186612982447,1.19145262427523,0.304231687522746
"204",0.614291962266222,0.0529537990113738,-1.444076893909,1.01505456803801
"205",0.172102410314365,-1.44986844774077,-0.657476719972596,0.706059061656957
"206",-0.0966671466668037,-0.30603315712065,-1.44122341710653,1.41984594702381
"207",-0.625027171554633,1.0580826631741,-0.0707012859863223,0.4444168474595
"208",0.798087277144492,0.0295326599460101,-0.655777131421283,-0.492643433941122
"209",-0.248884639238723,0.930376601421455,-0.924418741242262,-0.701722676978136
"210",-0.621150143032824,-0.770826654971645,-0.0237696953767443,-0.164955759868556
"211",0.840658799825754,-1.41802729659194,-0.754428002698324,1.43250929496443
"212",0.0109077471443344,0.246559568634917,0.0806946818929522,-2.33064448543561
"213",0.54769861977001,0.0384808588760293,0.734339090166042,-0.288906943337455
"214",2.03134341140182,-0.237469643041106,0.248993384758457,1.03050610479293
"215",-1.43452075877605,0.721339971164117,-0.972530429111025,-1.80680339088275
"216",0.0143524956853082,0.556499720218862,1.11203144373769,-0.828206420100434
"217",1.52960778640643,0.53827448156635,1.50399447996607,-0.168539174297673
"218",0.549311235861579,-0.144699465988842,-0.587587713254997,-0.587529947538381
"219",0.854843821647339,-0.188437657993532,0.749378351948083,-0.417002637227338
"220",0.601000204765868,-0.442356196291538,0.493141442088354,-0.729886979498489
"221",1.6400390309895,0.156056717420887,-0.236158185032269,-0.17345411009872
"222",-0.150104778572271,0.440727159129822,-0.803465839256354,-0.71652698300241
"223",0.671454256535738,0.14464735240706,-0.711992759421328,-1.18794068613353
"224",1.72817334991216,1.02272254048577,0.758895429729305,0.507972992220828
"225",0.860438451625622,1.04505605757498,-1.63338060903382,2.15964175814244
"226",0.565371002722231,0.331374509918735,-0.554097866842282,-1.2433440547778
"227",-0.554246845572389,-1.10471199278951,-0.544359230346852,1.44098279735366
"228",0.0385829057305467,0.741948703743087,0.308183727172497,-0.335054674526206
"229",0.312688910555862,-1.02441733640815,0.898913547231335,-1.50174837879793
"230",0.859097296035594,-1.20371212264268,-0.83349556795848,0.0700012022872063
"231",-1.81140390142256,0.31613547754208,-0.163334476563372,0.0146323326775527
"232",-0.290880479812701,-1.65090217518713,-0.343765768287596,-1.1773987115037
"233",0.184682895994287,2.09396200061427,-0.104933098448995,-1.17611608983585
"234",-1.05486334839266,-0.329259855266575,-0.247133792859182,1.86581215597876
"235",1.85603613184365,-0.687282537305334,0.135076103471064,0.476498058244331
"236",-0.60554639559722,-0.634482013533153,0.278481609762662,-0.692530855296209
"237",0.536530491427788,-1.46888589370052,0.739872153101526,0.573005905870311
"238",0.890843310661946,-0.848286668924262,1.3971407818727,-1.52006734536861
"239",-0.233426561398265,0.646387289025195,-0.573188532096229,0.446383825890443
"240",0.931616002822396,-1.4668820090819,-0.368697602025892,1.35789847066048
"241",0.599640414455237,-1.03146281877132,-0.403277998166675,-0.260533956236279
"242",0.328032895250204,-0.254564226419321,-1.00000554100612,0.205628828452948
"243",-0.727180333347096,-0.0960651834268965,-1.05164000083562,0.26962241524822
"244",-0.529484845331668,-1.77890133524008,0.591233119509306,0.353460238112104
"245",-0.140976872404167,0.866364756504322,-1.50747190518859,-0.825306980689938
"246",-0.111968224003471,0.109985349101588,-0.63433822736684,0.71240061324479
"247",0.117770052216257,0.563188753477852,-0.163352724423799,0.170417366543493
"248",-2.09981373874177,0.657483259994214,-0.664908450837224,-0.0620192934947786
"249",-0.435986889354078,-0.112101939190691,-0.0508667910417668,1.53332135566406
"250",0.520027640935241,0.014997908974038,-0.604113905454381,1.46011957109758
"251",-0.78776811668661,1.9364886581132,-0.708364590604896,-0.349482222858629
"252",-0.937876224832854,0.265945921543688,-1.06311285380972,-1.04906350123776
"253",-1.44844264311964,0.822295329934611,-0.307270149306091,-0.12874327038595
"254",0.709001038656819,0.564211269611509,1.2685728204193,1.57319631906142
"255",0.388317020916903,-0.30380396598075,0.687924135640839,-1.1693784030709
"256",1.11270570980771,2.19321776563961,1.45631257301058,0.989990906057475
"257",1.34476499015082,0.444191726813926,-1.55828675933997,-1.01595939697381
"258",-0.893115012696731,-0.957291877810593,0.0914291423009004,-0.336461011748035
"259",0.235026847325945,0.810607278034214,-0.620678103160775,-0.549603286393544
"260",-0.368584066435778,0.00157439502901998,-1.30737453209176,0.299118613711607
"261",-0.63854545972669,-0.803254517704287,0.646365519328597,-0.452019812941287
"262",0.0706836385626232,0.273981976925706,0.366407694046134,-0.580155825210029
"263",1.73898383549465,0.731309276662587,2.38453058630346,0.00285444698379055
"264",-2.26615930667404,-0.862939065830431,-0.298391197314271,1.54140664169648
"265",-0.801874549139591,0.0477711397429272,0.356060886386917,1.54077963968156
"266",1.8920467400039,-1.9014861141479,0.548829162905698,0.401607038741988
"267",2.03074558726315,0.668259302670161,0.808513709852341,-0.931613705488999
"268",-0.0546667428816592,0.060961261983683,0.615629299627281,0.478597679330796
"269",-0.421878165172588,-0.76708706374413,-0.248756993896564,-0.212174685482188
"270",-0.0630864762434343,-1.8392917537186,0.503167496235619,1.47710853973549
"271",-0.271992004045103,1.82569620589438,-0.252311967774895,-1.14459523338771
"272",0.802161020019573,-0.462554997288015,-1.38829150353264,-1.1669706872054
"273",0.0295553325751341,0.144562290649755,-1.82340933869773,2.73145442624449
"274",1.12797183256678,-0.0863004938432106,-0.273678980214049,0.175427535183355
"275",0.904098893146358,1.67996529772958,-0.769427969700501,-0.447459221738213
"276",0.465561139166232,0.055361032535372,0.481121379578345,1.8935390726278
"277",-1.33974009274908,0.164084061467776,1.12815021425228,1.98096260547901
"278",2.13071316545092,1.06275583348901,-1.09968425627645,0.147013703683095
"279",0.24418717752877,0.997831372939271,0.243658464460656,0.476083109406742
"280",1.6365736878504,-0.308396668451344,0.675232528707915,-1.24206486878144
"281",-0.346908658559721,0.377910462970052,-0.20774998604266,-0.247575096692395
"282",-1.06392003545387,0.487435689584175,0.781217533007879,0.0156442408074018
"283",1.78741963216124,1.51396848032736,0.793710335341839,-0.427799796738897
"284",0.210649291725165,-1.74850908849531,-0.536347398172028,-0.185288223794119
"285",0.952274437288611,-1.08770252414426,-1.28799814075198,-0.380490050920408
"286",0.0506381102003138,0.312322067224685,-1.06835569650277,-0.908031623953172
"287",3.18778324272085,0.762349085193474,-0.108718637731638,-0.444759006856108
"288",-1.4142053623256,-0.39523078615986,-0.849070516156637,-0.246914095671423
"289",0.136407933309646,-1.17055998200276,-1.18237488494416,-0.225731845658524
"290",0.884512013362346,0.603946798362774,0.584178925760851,1.99916577325404
"291",-0.243041639626037,-0.352391716288747,0.42604345123314,-1.40497955979046
"292",0.695274431645612,0.80686946569395,2.75029558461041,0.390079663001431
"293",-0.792673443801658,-1.86582735662887,-1.31791360209065,0.526423018719591
"294",0.356920506272409,-0.743775199737744,0.430062674556381,-0.427957853948853
"295",-0.204936761903162,-0.177205558697512,0.0901180040867249,-0.616564251811907
"296",-3.17860006355003,0.247997727721224,1.02311006173937,-1.01027550287613
"297",0.490394862363564,-0.365033459455148,-0.572450254492229,-1.13604599653512
"298",-0.695455044533567,-0.189872704960164,-0.147786754733016,-0.792814722694332
"299",2.80323085758486,0.602105481626671,0.275450473880092,-0.148334800665437
"300",-1.05788427872098,0.0883704428309762,-0.553575888101793,1.02610874076711
"301",0.661239954641662,0.712463358085109,0.481359117060882,-1.36725526826171
"302",-0.19106633168622,1.16290725235436,-1.09201091652637,-0.0688639537353923
"303",0.132332593347649,0.945287726797808,-0.827392572448063,0.95519578420743
"304",-0.213037300632453,1.18963191622841,-0.626178666065157,0.520887925855856
"305",-0.633354859606862,-1.2069529208306,-0.0603823197194916,-0.38088499060258
"306",0.504527051622821,-0.494951761807441,0.895967713957035,-0.960448532075064
"307",-0.794927778663102,-0.492919488818187,-1.6321434498179,-0.897380338038
"308",0.226634465255674,-2.48194606211989,-0.0612556023557597,0.0760558865082422
"309",0.553048112622887,0.0646761129550332,0.533119985910044,-0.330275575629006
"310",0.936470769135916,1.35379148601222,-0.0927974945090857,-0.366749751395003
"311",0.618487970725512,-0.170622079618344,0.871926121091299,0.464727688734442
"312",0.510841241201207,-0.423059117390212,-1.36750914156233,-0.357202824253493
"313",0.260432294905289,-0.666874240930359,0.748709529878806,-0.890739646018065
"314",-0.622195859451343,0.414209315282251,-0.371917201024516,1.06918920354689
"315",0.343234804093573,-0.346614250612189,-1.43049096920703,-2.07946499616839
"316",-0.114367772499536,-0.786896203686512,0.848521117516689,-2.35867822682506
"317",0.116358701858766,1.58553464877157,-1.54659110478969,0.108130076504532
"318",0.466549824637774,0.267577353684489,1.03517944097284,0.904930057245146
"319",0.543515796616706,0.778745960617624,2.23889950765822,-0.160086026603681
"320",-0.469956387176882,1.05996935367123,0.235485539057616,0.30638871509679
"321",1.79594342828618,-0.0720270102348174,2.28865746564219,0.774815922126127
"322",-0.569962257974607,0.0675783758946051,0.866555819317149,0.143650683116997
"323",0.588502192053915,-1.32309792349297,-1.97687361481395,-1.07473121942327
"324",-0.377367664568135,-0.808560190969625,0.397752520021351,0.483705782571755
"325",1.83276369348878,0.0136360593616152,-1.56584743867784,0.192412306003042
"326",-0.330115177266729,-0.644180583500049,-0.116730748088579,0.653405041380341
"327",0.00302106048360499,2.41398861118315,-0.14287137087779,-0.407924826460564
"328",-0.163569866714488,0.19480430887051,-0.607003111272748,0.656418910125255
"329",-0.598778605881413,1.96701377065288,-1.62542597725569,0.571487037508163
"330",-0.74491825679273,-1.21566557917895,-1.94614915673201,-1.01902426999128
"331",-0.254765538424959,-1.18418556346477,1.25854238679147,0.706282703738094
"332",-0.0236287670245166,-0.918900715916006,-0.320680963181537,-1.43106131173608
"333",-0.416524224641352,1.54315892619781,0.227513588977125,1.66806280287446
"334",-1.07087054556275,-0.267082812324735,-1.92089073543957,-0.766159422195948
"335",0.093528056540787,-3.03164805596611,0.317214564958426,1.52378224861594
"336",-0.835849199605934,1.26497143796869,0.0570116441658141,1.88386397583264
"337",0.744373486523164,-1.29985250934846,-0.338726978661792,0.395997240630445
"338",-2.03465497745789,2.05146289301332,-0.949160479185295,-1.22296559195614
"339",0.153016580106888,0.552135671199687,-0.44687351220918,1.17666994301795
"340",-0.00850866659398699,1.98216974237054,0.864838645426632,0.0830668173172409
"341",1.37677262532904,0.162201025087567,-0.165252329926771,-0.144626644760309
"342",0.805536052264604,-1.10959834308991,0.30148410424811,0.128031976098851
"343",0.990316848334156,-1.44204350608999,-2.51592861886812,-0.627928786928675
"344",0.147581739915827,-0.408235237888815,1.68893752467426,-0.561895322826859
"345",0.604673763903956,-0.866639818592783,1.10897679570948,1.08525390861466
"346",1.15712074605718,0.0667606743097762,1.31791364919287,1.50477488788347
"347",0.798864451801595,0.176515859071491,0.911026238577729,-1.15813122686482
"348",-0.47580707210338,-0.622251648975104,1.72664192224316,0.171103470273624
"349",1.05998577882843,-1.1582188345421,-0.220908276265781,-0.122791861525495
"350",0.663707932914683,0.0434983372160522,-0.322506103343064,-1.12087081501351
"351",-1.27027719600547,0.384888328609933,0.998082096111323,0.581001214479652
"352",0.808047983669749,-0.916845001433074,-1.09965490178297,0.357371785019898
"353",1.75658791511655,1.21614425437137,0.515008001217279,-0.845152041150028
"354",0.340290720467661,1.94133495249517,0.695441542015215,-0.0478131889968362
"355",-0.842884426117053,-1.41179137052546,0.246791021184711,-1.20948504575987
"356",-0.290809051848061,1.00989087207158,0.476080918822567,0.537882521798912
"357",1.17151313021686,-0.188630595595034,-0.296725261565753,-0.264206003110812
"358",-1.81819526574195,0.239241026500325,-0.89955106204179,-0.978602838086024
"359",-0.0194508368401977,-0.982283587970885,0.138175051539521,0.53511043263733
"360",0.197852972697598,0.560064505789497,-0.458164833779997,-1.32690196007346
"361",-0.793217650511383,-0.215321427302699,-2.09381782934648,-1.24191589949778
"362",-0.599972154671818,1.51932179925567,-0.0818864170046806,1.12908414486219
"363",-1.72292267990571,-0.0280018484499981,-0.0814211050329822,-0.252451489144637
"364",0.402785143742274,0.594433908026229,-1.82611233617609,-0.996736092438268
"365",1.10031708962151,0.264786677375867,-0.0396098100042066,1.46556618301182
"366",-1.46936118976012,0.922674455169647,0.79566304877789,-0.121987996102924
"367",-1.41564791416284,0.397998149056099,0.627257118171434,-0.993256543470732
"368",-1.24947317599028,0.410415593511984,1.12263852352058,-0.892056653992229
"369",1.45969340169924,-0.0484512724742315,1.39713158143086,-1.30912295140984
"370",1.502039436217,-2.55393236540423,-0.311285971172626,-1.52746057006945
"371",0.800525010498054,0.57290492928531,0.349137206144762,0.412695193771039
"372",-1.31339150403553,0.187425813372349,-1.7283123542392,0.289055737735339
"373",-0.999881198835273,-0.504650903384856,0.56681849258056,-0.855069177222879
"374",0.229947439189203,-0.349471387068575,0.81872096960922,1.10785270065152
"375",0.177150721417483,2.05662636707662,0.242955631034094,-1.52500950693362
"376",-0.499309050556262,1.69157677371883,0.584612160111954,0.211813414228602
"377",-0.725970782868892,0.590925800893993,-0.486677678231838,0.420167260544883
"378",-2.10787377631522,-0.0861537587730215,0.317663288066745,-0.378472190058181
"379",-1.82832564938582,-0.177414745291648,-1.00702324824182,-0.452212336667478
"380",-0.46786198948447,-0.74600736257238,0.059938676604358,0.531860354299316
"381",0.598778991769983,-1.87031579020918,-1.32126056740075,0.575173617608964
"382",-0.600610180435569,-0.519948830528001,-2.51693032881269,1.41773054315914
"383",1.16062437807893,0.900896882611963,-0.411062578832698,0.0680189257245447
"384",-0.328364568860733,0.0273373761481646,0.606115623031588,-0.45561209360609
"385",0.162229035724949,-0.365770394486207,-0.709613904828778,-1.29734363606484
"386",-0.558085472156359,-1.87436707928725,0.717630995152058,-0.886042882707575
"387",0.551978116320656,0.163248508380393,-1.2874482281162,-0.595345361251425
"388",-0.507194287197688,0.35149783666776,-0.878503224571001,2.82447894522355
"389",-1.17592550129859,0.39565323222789,-0.963885417026904,0.0439893903961499
"390",2.5734207544053,-1.29178637608653,-0.0667935632973904,-0.0896598739947549
"391",-0.950315990004253,-0.150098944106296,-1.44638989558949,-0.796943695031131
"392",1.10918163101502,-0.677089881453161,-0.871330435560431,-0.073859956984023
"393",-1.09481521421673,-0.912236489439498,-0.188239590581926,-0.571699631106804
"394",0.69071062869572,1.07048832416895,-0.215331825949119,-0.0147569924255304
"395",0.518522101056617,0.968500335110155,1.58893858867461,0.322639059077355
"396",-0.916568655585537,0.171913947749433,0.0822500681860125,-0.641393227757513
"397",-0.117512003336567,-1.93828126918331,-1.22457570137651,-0.679212290818627
"398",-0.501670221217932,0.370275627302905,-0.636556610110035,-0.092434973882024
"399",0.0812147780270953,-1.05388703613857,-1.70004218101498,0.0490466842442643
"400",-0.201132522015107,-0.00983313602285168,1.4597178877627,-0.868025865131189
"401",0.164862190519541,-0.530103727505262,-0.123246647539899,-1.33625566582574
"402",-0.0747436570686342,-1.5246724173563,-0.164418770186972,0.125289317001736
"403",0.406161697932251,0.90787156044264,1.14782873574103,0.977906325995076
"404",-1.53133599816424,0.50571337700398,-0.475817907581106,0.406067920054383
"405",1.54275656037878,0.503682951532809,1.28501388233891,-0.452094296152074
"406",0.0273567950675917,0.814077688615351,-1.9154115842102,-0.00828271123150704
"407",-0.770746489466824,1.60148871068818,-0.414283040345578,0.0386553188577877
"408",0.184106867186942,-0.710113736268722,-0.122805998414002,-0.11784568894624
"409",-0.714268003695265,0.591864860411704,0.625921171199833,0.34367454185405
"410",0.762611548566795,0.986597602077544,1.58672614125396,-0.544513246487953
"411",0.639582326987422,-0.129330361862048,0.2946937641233,0.382969104025075
"412",-0.568498475168607,-0.578906958918511,-1.27089664253203,-0.355632576517249
"413",0.228243848929583,-0.291363553403925,0.224904883533584,0.864835671655233
"414",-0.972239656105448,-0.895447657985562,-0.658137638198535,0.950495730826168
"415",0.570261148932066,-1.89566412590456,0.620303153493508,1.24512130026375
"416",0.771046637883461,-0.475893137643478,-1.81182565263134,-0.920851776597794
"417",0.013028558622549,2.27793848663494,2.69958706766905,1.65551478019511
"418",0.427562639442335,1.66930866528833,-0.302071567134745,-0.00668611682175186
"419",-0.00578472850390012,-0.348319372264942,-1.24331887739239,-1.11230011533897
"420",-1.34317901862969,-1.16770637981266,-0.438101202884624,0.29241644871233
"421",-1.00909241661888,-1.14206094512007,-0.106479581629223,0.50472578543174
"422",-0.975569141356054,1.46806921531656,1.01645620608905,1.62629363174084
"423",0.989290772017741,0.0630029368760469,-0.0306773013501283,-0.131267810377075
"424",-1.3878126244531,0.63169166580312,-0.433246395445702,0.389300216199118
"425",-1.94413497965403,-0.138018399087558,-1.08267079323319,-2.80367707610078
"426",0.729771332235496,-0.979387423298586,0.0208194384302741,-0.430272564698565
"427",0.268009693639857,0.691830968257277,0.83073971583852,-0.0485255332777338
"428",0.0453471098873602,-1.70324687686223,0.556664815116998,1.56143421855603
"429",0.246002467171519,1.40180627217139,0.808788696192116,2.32314331368558
"430",-0.26873793540319,-0.310884869640376,0.524842772414492,0.944846782590754
"431",1.24924229254307,0.496776451248271,0.026812364202123,-0.0472195588272134
"432",-1.8536240152705,-2.04585553319937,-0.766338328875558,-1.56920659883726
"433",0.656926208289423,-0.946517591141827,-0.244041695701843,-2.5202490205102
"434",0.511937954139323,0.706714191734988,0.336026236816622,-0.642973263212145
"435",0.422451284497721,0.130001149778914,1.4325306698853,-1.42704096992984
"436",0.20809676223072,1.88075257770994,1.13412732576768,0.211841179209089
"437",0.0408884197107321,0.375221289079841,-0.790643968050208,-0.789305366793076
"438",-0.789911169090975,0.697732814266536,0.508720109871979,-0.46817479645626
"439",-0.463475761801858,1.54277127601086,-2.053949059677,0.929842025363911
"440",-0.493269983430552,1.99771514896944,0.100633645059499,-2.56452559805336
"441",0.912869959718915,0.531331205580439,-0.169802622832044,-0.468138867954996
"442",-1.27550977195205,-0.06895605247793,1.47522731951146,1.34107126353729
"443",0.67167357443596,-1.619376775629,-0.487616643538607,-1.01282066594723
"444",0.18088650812141,0.620809901149204,-2.76394001271604,0.326357430920437
"445",0.435442358658586,0.569349927191092,-0.372899409015279,-0.258845674934078
"446",0.479954234882147,0.566512327682487,0.016918736130638,0.110256575078299
"447",-1.43778558355854,-1.00984259798222,0.0332157643861476,0.476777436877198
"448",0.338838267145752,-0.166322844553885,-1.29760338958122,1.81247004362418
"449",0.00947812092489697,-0.58835542111325,-0.749194690950999,-0.67134544014417
"450",0.607108876362072,-0.281882246791237,-0.987679113216392,-1.3758374158422
"451",0.744409584839881,0.60563070743127,1.96415454975225,0.606098626008685
"452",1.39847376636527,-0.755169867481961,-0.0938138951320196,2.05326135749165
"453",1.07715602346069,1.05599025499781,0.152170866391647,-1.95638138690655
"454",-0.0309081702962711,-0.617134113635522,-2.29239176122029,0.311980637635447
"455",0.251107554637576,-0.342960935915453,2.174074980168,0.443557062442472
"456",1.09608780284463,-0.12805247838274,0.987975071536168,0.205835458400699
"457",-0.127551551800195,-1.74262937731503,1.47389942225092,1.32727849238646
"458",0.512104905704951,0.514374486065911,-0.805850076838565,0.930217565283525
"459",1.68446603511739,-0.179637813512966,1.66119213952629,0.494829775611957
"460",-0.5515094218525,0.0413509917517067,0.506888695678421,-0.804668711113579
"461",0.0442662032199396,-0.612675192402391,0.317141512534653,0.764463642561887
"462",0.118735710418603,1.05638896669186,0.719051174197357,-0.00648543558439219
"463",-0.105087674499784,-0.424196204495985,-0.432413232971925,-0.660310090928732
"464",0.898226824364276,1.2067652057967,0.208223540951122,0.0184953693927405
"465",-0.427179702012383,-0.953600019600534,-0.693507048101253,-0.0177819487257889
"466",0.109555231039652,0.264817977233685,0.923828926258233,-0.03312277505264
"467",1.37768788107372,1.29486603656678,0.990637207528611,-1.17050970886025
"468",0.255976715582266,-0.42276292825922,-0.0896549889903963,-0.192278831798599
"469",-1.31275588289158,1.05248316126585,-0.356785891281606,-2.68332337243482
"470",0.459335336549214,0.721788853415869,-0.0504944281062113,0.726890435323838
"471",-0.201255530994235,-1.31434231446158,0.603297515413201,-0.714519581180299
"472",-0.272588331582981,1.68109550621424,-0.778470022244056,-0.883415749855625
"473",-1.12501237910844,-1.05159709268958,1.26362818853879,-1.45198236654903
"474",1.44180740319346,-1.5415680634479,-0.835454533063568,0.50965219137781
"475",0.794373643766123,0.608362417359547,-1.09060875243622,-1.19708140484412
"476",0.686103547992298,0.442563228184081,-0.750085451763283,2.10894291986918
"477",-0.00405022267101389,1.86507606147264,-2.02477266743368,0.834287194727554
"478",-0.109923096659981,0.225621144089358,-0.227196979117412,-0.334687905502302
"479",1.19903443013938,0.627986720248664,1.16983223850565,-0.654000509186327
"480",-1.82319932100123,1.28288769629636,-2.58280138118322,-0.164821317520721
"481",-0.423756652184904,-0.00464680344549001,-1.25382953208159,1.79435421695325
"482",0.229921743263885,0.500806305661106,-0.130361118346915,1.31888143160026
"483",0.0774964552807825,0.513292872263067,1.70069738239065,-0.963461468833542
"484",1.13259079262832,-1.16902291273344,1.48798603866942,-0.757864542969716
"485",-0.589999935409965,-1.70229416959796,-0.42218834457678,-0.963490459114691
"486",0.498384749254882,-1.20443078853671,-0.618922159473017,-2.26535081753157
"487",0.610246773922659,-0.40903872659177,0.660078352035825,-0.290820758377907
"488",0.225448110212788,-0.0108018503510179,-1.43753349251588,0.00675313281986271
"489",0.39946424075235,2.51623999341061,-1.39605115629126,-0.560170099099119
"490",0.15630920404469,0.177264429053293,-0.563908303152843,0.0373793739158765
"491",-0.646707980566961,-0.92566351681324,0.929806028335519,0.318666462527971
"492",-0.918374166252411,1.40708426345125,1.23939808747375,-1.70756443635336
"493",-1.33115579549325,-0.199269750984543,-1.31266067754576,-1.28718787671746
"494",-1.65545897148984,0.572280110401448,0.00615024688722479,1.1422417077298
"495",0.609048663250709,0.421611451191257,-0.056334552951988,-0.951630571193181
"496",0.253664855720929,-0.457837551141808,-2.63249266011017,0.903873529390567
"497",0.541562729633843,-0.15683118987555,-0.478541823675643,1.57884353536346
"498",-0.156004411940803,-0.227227670277903,-0.626056805603378,-0.92924310279948
"499",-0.429957928212086,-1.20601055242924,-0.184201069429508,-0.181763920658909
"500",-0.69545924930038,-0.732407639230735,1.58298716073374,-0.76848928815209
"501",0.365700797996059,0.136766627669374,-1.72468013081025,0.00790876802313289
"502",0.0296831251390016,1.69814547932028,-0.411772000312638,-0.317615274959323
"503",1.5523991113499,-0.391575822249587,-0.195349562730835,0.471133129510341
"504",0.391559564450304,-2.0487004383894,-1.43983808947826,0.327415584302834
"505",-0.364986846687374,1.25495611331832,-0.264753197551453,1.59788351709917
"506",-0.318461927170369,-0.745537993322169,-0.304343057379812,-0.130902669893848
"507",0.647705467057878,1.76033658291191,-0.277348813074973,0.82549983830134
"508",-0.397297570244549,0.219892413873245,-0.110032803834347,-0.0763276970688368
"509",-2.12794274831918,0.907151083716194,0.125986831884723,-0.999385632472428
"510",0.446298116532371,-0.14353951483501,0.797433933704069,-0.257823084714553
"511",0.522999529741628,0.392906775314399,-1.41106849031388,0.00681506358926905
"512",1.02142978912552,1.42827806317365,2.04603860103513,0.123463206300553
"513",-0.927642671091229,-0.0464852278503641,1.30481086827359,0.0941096639619657
"514",0.40927885220534,0.182180187368639,0.105434924583241,0.273771329460079
"515",-0.213513436011563,0.706913555653729,-0.397641277012319,-0.382495828767512
"516",-0.77251349382312,-0.874201905343472,1.59105512041264,-0.107986123689522
"517",0.599901389943451,0.546423519388671,-0.710779946364394,-1.26472269267778
"518",-0.598753670681103,0.366037128400169,-0.694241190136848,-0.0239702186258278
"519",-0.888077466225662,0.450781421153722,0.542449630042919,-0.409088453756833
"520",0.0014548656077056,1.34191408186562,-0.714438155550323,0.765597955619261
"521",1.48299746667394,1.56030851922672,0.79561056112123,0.582932936309768
"522",-1.5633820718662,0.242034695688577,-0.233184952712528,0.378599518304984
"523",0.997181783398554,0.953549144260691,-0.0956040766844831,-0.911854703278022
"524",-0.995634248868443,-0.898735779633417,1.53955785013066,-1.98343677576626
"525",-0.833284004737384,-0.56076175791691,-1.60752641972884,1.2153468221045
"526",-0.698869927337252,1.26055124047702,0.398392492788476,1.52403976225421
"527",-2.18989755369254,1.23428644079906,2.03081049025544,-1.78264642681345
"528",-0.346370527087021,0.46519700225238,0.1776890284214,-0.498048399006235
"529",1.11359860046842,-0.0501045706379302,-1.16138929481138,0.497678210926216
"530",0.0682898048262214,-0.973085028713314,-1.35488946064134,-0.757229615094625
"531",-0.501568288649731,-0.998158021528994,-1.7212223510823,-0.933897265156276
"532",1.53172014483686,1.78893671364917,-0.992614420284936,0.0759255927422919
"533",0.872038984888817,-0.39304857098759,0.709666048260707,1.03309692950535
"534",1.32933545859873,0.360929800731292,-0.947164629595011,0.00347587347063981
"535",-1.09246813700397,1.37263051767605,-0.265642896833597,-0.166972593496985
"536",0.637716350205605,-0.523809424725814,-1.40633435223427,-1.73230701355015
"537",0.528060947400371,1.07245414609259,0.489371898024484,0.12147881240813
"538",-0.0403024438685737,0.00380103081516946,0.240514596392922,1.30604911222827
"539",1.28643026229424,-1.66965705982992,0.148759199193562,0.719410963883692
"540",0.313875541357889,-0.621008236594492,0.732994266841644,-0.777770809541838
"541",-0.463738521221785,1.03344805951163,1.16249794967864,0.589417997537971
"542",-0.308614059258386,0.684661140783316,-0.996856490397533,0.108484668821721
"543",-0.16752177584652,-0.231094759482257,-0.605489872304561,-0.843127711823682
"544",-0.888450107083714,-0.328927043050359,0.991926144758659,-0.763821700511484
"545",-0.835217034913522,0.928872622372525,-1.37414042325608,-0.607473427218195
"546",-0.127563564466866,1.76872843990563,-0.0676174195349586,0.695216518196832
"547",1.12578562935536,-0.0323789081706925,-0.258469413023164,-0.332372433509224
"548",1.03091051750783,-1.65572222005917,1.31996054526247,-0.395495044894836
"549",0.850427473094453,0.387085387041963,0.274424084427645,1.84113532443359
"550",-0.555601448053275,-1.17597563003354,1.95224789061314,1.15758649011566
"551",2.49596361450078,-0.102138092775526,1.17061713592908,-0.281293726438252
"552",0.526558287531584,0.636143588465168,-1.00274874576085,1.87657598625499
"553",-0.524263602712012,-1.37257124591399,1.04373881446685,-2.36910306994803
"554",0.639240461845436,1.91417341515594,-0.725987865672624,-0.991252809444047
"555",0.434158120304216,-0.55166490749772,0.0559820549552964,0.142160290019149
"556",-0.953982360439278,-0.410069941400726,-1.46303769174024,0.467031965171642
"557",1.03217529508247,-0.767128104782023,-0.277613295354799,-0.847094559841435
"558",-0.8787552259333,0.223144881909652,1.19292591861819,-0.366891366283447
"559",0.806045979701482,0.38618989910607,0.151150929896355,0.654697773607004
"560",-0.794179684477358,0.960615968826472,0.577629428952315,3.29396215674254
"561",1.12065543351781,-0.346813891290272,1.01760346777194,0.0523484584624539
"562",-0.520002979816835,2.3884822854689,-0.830222072280805,1.12721566825096
"563",0.0301769836518854,1.47717652989297,-1.24776896830281,-0.0811800971402125
"564",1.63696284545106,-1.44552599499505,-0.472049339898514,-0.21274003954944
"565",0.972693144365646,-0.976296085463881,-0.604188214573513,1.27055202450777
"566",2.52026428511829,0.168243645086435,0.603386287786057,0.575858233220383
"567",-0.303793111791266,1.42739702196758,-0.340027930767822,-0.64738387243797
"568",1.5631627608467,-0.558007798710329,-0.146618496429191,0.140626204372907
"569",-0.140368291795322,0.260337272455939,1.49618707685092,-0.11235195867861
"570",-0.193153742600683,1.88654898233774,2.28351687549262,-0.370846636062986
"571",-0.119117179275422,-0.495703622875221,0.617963055385667,0.667963812827181
"572",0.653722837914056,0.47074005668851,0.637596754573667,-0.645868539119464
"573",-0.0575220002550477,-0.560104538435392,0.0355809563607618,1.27513168008672
"574",0.516790494203424,-2.85174174901372,0.525562404883279,-2.15346285991969
"575",0.300285420649851,0.196355432412559,0.0344464643489439,0.0852909259722519
"576",1.74053032260624,-0.055960081725599,0.133983579843916,-0.787670810504906
"577",-1.21661375440436,1.39087893525181,0.726970272318385,0.92897848201212
"578",0.883520858037088,-1.23454186678987,0.159702868731413,1.00196232689086
"579",-0.56324400164623,-2.12633906300996,-0.599405253523438,1.02951423130814
"580",1.49728164779756,0.306869233136948,0.539475676696649,-1.08299720730567
"581",0.0268697635403062,0.0629789206661754,0.669624407409334,0.798609006398686
"582",0.658743896742456,-0.0474502288835482,0.0451830980912337,-1.05350479249912
"583",0.269121077041354,-0.830431260875769,-0.396581505566237,0.734873272062896
"584",-1.79655816487664,1.40579250879964,-0.0647848277505254,-0.389665938135627
"585",0.779957875023132,-0.418215754640898,1.3273925813914,-0.149981166729461
"586",1.08270751930936,0.352337127182151,-0.285358433215216,0.231509982358537
"587",0.11997726327456,-2.13119920806644,-0.92644049310349,-0.34681589979204
"588",-1.71258185780465,0.0102523214137714,-1.38247458873551,-0.842135364549528
"589",0.971052021897367,0.494754753202192,-0.968235251619267,0.327224289040638
"590",0.525262940068096,-1.84805606268413,0.368787872350768,-0.0750509950720999
"591",0.317153379469726,1.81874356719159,0.191613258922574,-0.16653179039024
"592",0.180100875301927,1.21785069018585,-2.98527306467661,-1.00659338528356
"593",1.06092865739326,-0.627502472246039,1.40106194172798,0.632591335152763
"594",0.930395264783391,0.44978639584588,0.698548745256382,1.07748008783883
"595",1.04055476549242,0.617942465257606,-0.914256493119385,-0.391244356337107
"596",-0.756131571388246,-0.0664141537060494,-0.0737519866808035,-0.824302373690718
"597",0.0693156452061013,-0.527568051390372,0.707227528303613,2.30947721175422
"598",0.0862604288893688,0.992153611969979,0.691844592546051,-0.340507537742366
"599",0.190587463104799,-0.934186783821924,-0.551692781106211,-0.457527159107904
"600",-0.841677940209264,0.640513912999681,-0.0672214985616062,0.41006267879297
"601",-1.64993138936092,0.332692105813085,-1.58746486609783,-1.17463677482353
"602",0.431805423000895,0.619971326518828,1.40680340324047,-0.447701247471927
"603",-0.231022508513805,-2.46008866513436,0.21163024901914,0.294185527554374
"604",-0.332001899976598,2.69145101099341,1.25763327553959,-0.251741608255625
"605",0.701595017492882,-1.3172267730819,0.779421816891686,0.0686267730294872
"606",0.0183533842693567,-0.901943933166991,1.7498051413625,-0.334181625835538
"607",-0.395742409979773,-0.00628055929225808,0.836051394103972,-0.448693622157117
"608",0.633964903251731,-0.184456708297808,0.169264836378297,0.24501459358736
"609",1.60000043226267,0.300099533455588,0.640438936406364,0.278725368619369
"610",-0.265385354215888,-0.0753914093126739,0.26525586279855,0.728804706914767
"611",-0.693554155195126,0.655295484273246,0.0660383740326484,-0.678374584877589
"612",-1.3170166065849,-0.685407233135483,2.09550721232363,0.624536190319621
"613",-1.51974579586924,0.0356973920252656,-0.264772787180472,0.556339756163328
"614",-1.6996756783328,1.43039578551514,1.09310577176137,-0.762177890810025
"615",-2.68571272507784,-0.214324046128223,0.863213742182074,0.366939163666573
"616",-0.778677209474993,-0.184876938995322,0.609722027818617,0.820395475076848
"617",0.0122752063487357,0.105699979200067,0.041933923214256,-0.615748836557529
"618",-0.365067036788745,-1.57798039102958,0.862983617123195,-0.777119582946882
"619",1.32532324488034,1.18038698805266,-0.336316166988375,-2.92811787772887
"620",1.80554473384176,-0.656473722669249,0.628522218806834,0.821742052878539
"621",0.0554466678096136,-0.68632570400122,-1.07368572599475,-1.19304663156136
"622",-0.332587855865981,-0.731020271092993,0.549936019231227,-0.421281777743587
"623",0.961462447288474,-0.23570910016862,-0.33355926225896,0.0662070549652606
"624",-0.227104192032405,-1.07233082936144,1.59093918028208,-1.0816344111217
"625",0.0294901178368665,0.33120257271817,0.218476187211191,1.22836692939859
"626",-3.13006138601445,1.27168752933438,-0.0453662661456513,1.66019763454616
"627",0.69125782972408,0.685992709809847,1.03770293768459,-0.00153195679799201
"628",0.481227613681585,-0.76935794506553,0.824809095006615,0.330128443475971
"629",-0.644256702533287,0.624644623298449,2.54158284188348,-1.37810337958183
"630",-0.0751690060569964,-0.707200212507623,0.623327914326677,-0.803523952925097
"631",-0.119914751023408,-0.716013956507653,-0.254934249326628,-1.85711574554764
"632",-1.11296413493043,-0.304900878878793,-0.0123033856503873,-0.718709138596161
"633",1.05576192057149,-1.21706851433384,-0.325735532686565,-0.0604215780604168
"634",-0.769096577553806,-0.262728118486847,-0.685876088220364,0.175808025108736
"635",-0.0727133545844642,0.94244724787712,-1.04291339887296,0.450589315537327
"636",0.842691162373931,0.699606240555013,-0.414610589101948,-0.195219964757688
"637",2.00688596103907,-0.00147146459518818,1.64646119202975,-0.480634604386044
"638",-0.468770195625887,0.531769200986989,1.71740762528643,-1.2674964184884
"639",-0.455694337557024,-1.22834697736815,0.344179168271619,1.02596331039972
"640",2.33445093367106,0.180714732772115,0.841264365755788,1.14038473173223
"641",-0.329754600931265,-0.468953041320546,-0.529632215939037,0.0663318231198181
"642",0.744672048986822,-1.14037933098017,0.319702590352838,0.227277522841237
"643",-0.71686623245502,0.887429093774977,0.324749589478594,-1.07888096490533
"644",0.643304430268868,-0.541713681633758,-0.389473668524242,-1.34237212293481
"645",1.02933869612693,-0.429856154518837,0.224781035675157,-0.294823132157004
"646",-0.730186204384464,-0.577027631177219,-0.628039846210722,0.153314878840922
"647",1.50193441606454,-1.02431564695626,-1.13376442467513,0.93999583561496
"648",0.0337063519922243,0.000380736832540116,-2.08447929065549,-0.153723568785917
"649",-1.72334414658264,0.919826553534329,-0.169861497467582,-1.76342939996724
"650",1.71684330848885,-1.5559781624934,-0.246954796701328,-2.90687025604992
"651",-1.14509955612848,0.300486365095706,-0.395978580893736,-0.894722102614187
"652",-0.357160069436297,-0.134090658326189,1.35758472299059,1.63397568199646
"653",-0.771545536639125,1.34235080468875,-0.38061811292185,-0.029491296269801
"654",-0.00546748528642439,0.51851321655245,-0.0246174535251235,-2.48128606488726
"655",-0.355591146215039,2.1194747923854,-0.201328455402603,0.657298734971814
"656",1.61060015238392,0.791027174071342,-0.862147305363454,2.09539978469957
"657",0.00927615461705637,-0.642063876259271,-0.446086821796817,-1.0705495125337
"658",-1.18573005337197,0.108072026187601,-1.44210438825581,-0.348518409535291
"659",1.01667429264559,2.64622324303233,-0.224308806854157,-0.984310140080161
"660",-0.291524473898146,1.17173919489545,-1.84119483440876,0.374547233825949
"661",0.0669840402531652,0.766501648402091,0.941918133604,-0.481168050800323
"662",-0.855872947675925,-1.11887338170005,-1.49176179588528,1.67800560136991
"663",0.0435764738759896,0.247433458800563,-0.316457722066713,-0.115042791392673
"664",-0.0186088320331976,0.175212483021401,0.426292412925742,-0.273003295626605
"665",-0.39918371884966,0.80197552114737,1.20137310584441,-1.38233209072853
"666",-0.69062741501472,0.235707553631777,0.727183858719799,0.263623433867002
"667",-0.281580916024611,0.200668348237232,-0.86301722940134,-0.211770142624822
"668",1.03515853559929,-0.204521028666028,1.55735997327922,-2.19629396899199
"669",-0.964975842547111,1.07894704687409,0.961432528130634,-0.854840847549095
"670",-0.0580588282235198,-0.442261895239184,1.48256255589761,1.27682425429569
"671",0.25463787786081,0.823591466156672,-1.67519191460241,-1.15132699239974
"672",0.540843944584554,0.953308325912827,-0.736482524084101,-0.532185775520655
"673",1.25031046081995,1.02155249205556,1.23277329861315,-0.120927700529858
"674",-1.0391920925604,0.324299277251785,-0.0952103999080034,-0.858025475142574
"675",0.699355717412917,-0.280970164033181,1.32727723502998,1.97524231516207
"676",0.168435253700369,-0.197243635986103,0.967643624448512,0.093547902208465
"677",0.296185813711032,1.2169557568884,-0.992291569876337,1.19131597772448
"678",-0.274475185920242,0.198718882968346,0.687465512218325,-0.0625733997956078
"679",-0.177888006583148,-1.94126603712886,-0.606266660113965,-1.17885596392454
"680",0.717732706284928,0.295915308085769,0.339133204984563,0.0789874071513016
"681",0.897954078724962,0.493099263764867,0.653883123271454,-0.404798218366783
"682",-0.734405149173117,0.111834192029291,-0.9305680828764,-1.3500330636647
"683",-1.25624079305016,0.933721872650041,-0.475757110991407,-1.54454640630136
"684",0.254932585220994,-1.97247370808013,2.09622899992217,1.00038652961602
"685",0.115495591306987,-0.770111996992657,-0.85569894762466,0.399118345472993
"686",0.483039356398971,0.651127018490987,1.482251881417,-0.0887995849532111
"687",0.650383567044973,-0.356525146329396,0.284947531124234,-1.48483746305532
"688",-1.18638084917863,0.683212879883787,2.27366608167809,-2.84738536373802
"689",-0.693652666722404,-1.08372610002987,-1.39115952857757,-0.587277050873437
"690",1.13455265373113,0.33046204513402,-0.81271054256413,-0.768087872628146
"691",1.87229912534543,1.43223527897096,-0.550384297326932,-0.535055899271657
"692",0.313056677091954,-0.0360454164407876,-1.19350259022232,1.28860305902756
"693",0.939812478569111,1.25477414311761,1.45449873483015,-0.843057150541208
"694",0.944355293473219,-0.128089756136891,0.227196607148911,1.59759060594639
"695",1.19196077821134,1.09964381465246,-0.836872143165103,-0.142738895615528
"696",-1.04597918398601,-0.233013661845371,0.354129452345825,1.65409086070961
"697",-1.81008738944475,-0.628663373255091,-1.44875411223159,-0.152480455655321
"698",-0.504763732318792,-0.513216487824563,2.20226256285174,-1.27165009819262
"699",0.409077302819148,0.489468911359379,-0.234315697524975,0.626154251991102
"700",1.31915664077954,-0.0658914421755768,-1.17953289717762,0.26051795725922
"701",0.0944472789962852,-1.54728369060586,-1.64631267350267,1.03680657943318
"702",-0.932293459539711,-0.373231368631236,2.17791362068543,0.0370120835684973
"703",-1.56080887484517,1.2402895796521,-0.803008939511698,-0.36923428212147
"704",0.536654558623336,-1.09312536182159,-0.355529504657573,-0.813025235711837
"705",-0.563829559006817,0.27496092629675,1.99172209096153,-2.33419284337084
"706",1.86612765910951,0.367748007287713,1.76090410229393,-0.282582902947696
"707",-0.254445940173475,-0.800482163163323,0.0218634370299601,-2.08102746113101
"708",0.0420566984303147,-0.00835449874219157,0.510375231151569,0.414055146023203
"709",-1.02514786372031,1.24944155075725,-1.10363005918682,-1.01908605992318
"710",0.589867970184763,0.398034551793469,-0.0714537553961423,0.171772029414299
"711",0.410288209157108,0.100633100838705,0.647955484656259,0.839281245632978
"712",-0.311149262908551,2.06956283300788,0.65466844260947,-0.33098160841378
"713",-0.646573984452822,-0.488988694357364,-0.6610624685009,0.0827785507835042
"714",-0.543224205934745,-0.799725279284827,0.841077656946487,-0.749990326909105
"715",-0.768624388229818,0.794571916672086,-1.11498454907073,-0.449987828202226
"716",0.83219149931896,-0.708504617379494,-0.0828862294633546,-1.7346574818978
"717",1.69857716668495,-1.60139559016985,0.739053580453074,0.772621721721143
"718",1.72587420150405,0.457821245087851,0.821779169349106,0.194513817042982
"719",0.829419632117385,-0.520757718234273,-0.697135399489377,-0.116586706600578
"720",0.734256932749249,0.780707214965247,-0.400268623505951,-1.80783853701509
"721",-0.62808983707829,0.14132750657743,1.22515110954425,-0.111719434943465
"722",1.05699434353423,-0.58268406608348,-0.26952170556796,-1.32510457414512
"723",-2.13935012545153,-0.0039519745199008,-0.0434608374865869,0.0759775297126305
"724",-0.672673216968889,0.855047371367863,-0.384108693164201,-0.297344423471105
"725",0.894262459705149,0.991360654698806,-0.996435718502542,-0.98111109495256
"726",1.58292402662633,-0.317029781394883,0.352863478989462,0.0736222802628829
"727",0.0983723396578818,-0.31151783744442,0.350662724010371,0.629410498899352
"728",1.03945954290489,0.416906042636409,1.30995891569356,-0.261319770596207
"729",-2.34197144762871,0.525513537977406,-0.746972043214642,0.981829018377107
"730",-0.290667561622393,-0.0797899769667959,-0.843651573784878,1.01001405404847
"731",0.788071739916427,-0.112098071339826,-0.322491477687456,-1.16953188450366
"732",-0.678378944374295,-1.14373936021532,0.0544742598029432,0.0287509140375172
"733",-0.409681634366112,-0.735942819831434,0.689815158494552,1.62362691287471
"734",-0.972041753540884,0.946050123645108,1.17392951642992,0.699157870182223
"735",-0.371933545235568,0.237227081228443,0.171023535918064,0.518918392968913
"736",0.266980289366196,1.28664253611184,0.287229944733992,-0.556729371344638
"737",-0.49974656731906,0.790841163813403,1.79041679429604,0.44650370283388
"738",-1.03017574073173,0.888604238096356,-0.637767449676817,-2.17462883138607
"739",0.129836608444166,0.0851868374452105,1.03795703997572,0.879252625663107
"740",-0.472498521004866,-0.176769431657531,1.23095300189009,0.359065573333561
"741",0.635814433163336,-0.898196450077295,-0.239365780635722,1.28632773623564
"742",0.709335783165435,1.87552658141556,-0.412075993178245,-0.419460138853191
"743",-0.432528674922432,2.19229751272334,0.353909533641318,-1.56602425328834
"744",-0.418846723196923,0.0186855496015937,0.284317317113074,-1.19970154656353
"745",1.64550267495343,0.877717024699265,-0.134350794392183,1.76434995117615
"746",-0.226082528461315,0.869995488208434,0.200373446454933,0.163172213470718
"747",-1.86584879173862,0.818559237397109,0.968049204779318,-0.336371263155494
"748",0.182620432748747,-0.212404287900218,1.33352675129405,-0.335454816107593
"749",0.0821751128499269,-0.406965472390272,-1.45495744124742,1.58873796864333
"750",0.151390031224866,-0.577270629589006,-0.288955373842132,-0.381546398526765
"751",1.80061097306637,-0.395458024714152,-0.134908317422087,0.216774586333012
"752",1.08600928370668,-0.664410361073885,-0.314099565103233,1.33669982989811
"753",0.0336106547876415,0.885669409055765,-1.51948299296968,-2.07608611595163
"754",1.48720070248219,-0.31562805896388,-0.673417310002859,-0.863978700508896
"755",0.698516478702519,-2.29200793038353,-0.201113373949237,-0.565650380044123
"756",0.25784911049602,1.07825875139004,0.680090164229157,-0.00618747747411713
"757",0.542351834065303,-0.700961952617104,1.26974386740009,1.11417399954277
"758",-0.183145726860066,0.145908248600054,0.272509673970696,0.0240173198356287
"759",-1.25025478637742,-0.0708866543197376,1.37207513917358,-0.72187243314759
"760",0.898120285199219,0.241483794855406,-0.10148326394671,-1.59495796024273
"761",-0.953351851986011,1.95507643457469,0.492152930001442,0.573938573445987
"762",-0.0236582732667577,-0.119164433723445,-0.77696297111294,-1.87070599876329
"763",-1.15365583641892,0.337994398973777,-0.0472588205059917,1.02856760494941
"764",-0.739507022847585,0.112747432039697,0.221799170978402,-0.810208978407945
"765",0.854378708057403,-0.0686898743047097,-0.662682486283726,0.611632987538114
"766",-0.337575436315324,0.895289700020629,0.240296625607796,-2.89028879769827
"767",0.750366882729019,0.322320066082474,-0.77441088276923,1.76165393026451
"768",-0.637428755257833,-0.101641795515127,0.0771450098555977,-0.404980932372638
"769",0.164028055103002,-1.83934806830291,-0.194466958408654,0.472134138798549
"770",-1.73888764214399,0.402669394806145,0.759173649413228,0.0340476788916352
"771",1.8607043328736,0.217339437039926,0.635877416855465,-0.339522922307275
"772",0.396029642272062,0.699701744662426,0.444204267225497,-0.953710631170595
"773",1.81748268350528,0.16921372014059,-0.221703060625455,-0.88454464814511
"774",-0.283086171583866,-0.971288001594976,1.86214683105573,-0.828738950891814
"775",0.101968485571857,0.941460612417657,-0.184803491073145,0.464740040371884
"776",-0.632756154400303,1.26999986492817,-1.5853515375815,0.13390435627337
"777",0.0887882387758202,-0.199705514974968,0.518809629794918,1.11009897507282
"778",0.994104238171281,0.621320876268332,0.92147715251343,0.0105031345364925
"779",2.14800384420908,2.01841182895022,0.0858478879311611,1.54135936521983
"780",-0.573136555695165,-1.11333583300726,-0.844145853274674,1.06941865536846
"781",-0.0894322734691856,0.963101368722272,-0.63818807319347,-2.14940793980131
"782",0.590157659344864,-0.781126407089361,-0.121297837071165,1.73432338425821
"783",2.22378842699062,-0.779219259690475,-0.225372204400106,-0.227030889787195
"784",-1.29749951349086,-2.79546983906662,0.810934728550225,0.887428820176903
"785",0.919497151219153,1.14856121826314,-1.6331498523135,1.40569205814026
"786",0.740754947084485,-1.0632331384564,1.12827269329038,-1.01692971724594
"787",0.102923629626879,-0.487778755776454,0.390170914921218,-0.328424498620774
"788",1.8209767097902,-0.717006179274694,-0.572456142264533,0.342602436894329
"789",0.257905040512814,0.853075637227746,0.593280087401996,0.966178352635819
"790",-1.21392462857685,-0.870544725749753,1.10647892034315,-0.456768711003548
"791",0.263439481347887,1.34054204204443,1.12356494921158,-1.80491986860102
"792",-1.44295642033468,1.06085302272596,-0.868623305443514,1.62803205336433
"793",-0.0681239224619402,-0.4932204325788,-0.69656347203517,0.23170896798125
"794",0.980819126098055,-0.485982562175326,-0.437443954781435,-0.102790662520762
"795",-0.34679029791197,2.45263455854542,0.358349561738438,2.15086073607911
"796",-0.545672605430586,-1.6972878393529,-0.0914934181365408,1.00321123567841
"797",-0.869581737732257,-0.0827642391062471,0.405787037618566,0.587539281092534
"798",0.62015454601627,-1.04658429039162,0.535083783824523,-0.256263416152118
"799",-0.524501155472484,0.39859811524123,-2.18175001961143,0.883377359482978
"800",-1.59829140585096,-2.81056205927265,-1.28129056530913,1.04654640506603
"801",-0.953894501150961,-1.03686308200064,-0.256749925309631,-0.0453835848443872
"802",0.727069777113662,-1.01217098560508,0.149419073492299,0.875602773105527
"803",-0.0585864483041883,-1.12327119304512,0.92154297167703,-0.259864675162588
"804",-1.06741016980434,-0.235787851658201,-1.60366225438543,0.566724888870341
"805",-0.681396091842208,-1.39446269601128,1.06962150581769,-0.116515393762386
"806",-0.793191913547108,-0.668809925784501,0.340738434824622,-1.69087554893214
"807",0.549092245929869,-1.3627481229966,0.381724678062472,1.92525683147395
"808",1.75359820946143,-0.210619171454729,1.11563145358963,-0.610607148075327
"809",0.106787421998108,2.11590844113176,0.365708289355748,-0.79474681009871
"810",0.302506000120388,-0.0135664856768421,0.303577294285008,0.629145566435811
"811",-0.552716422104693,0.609473883953811,1.07100684368816,0.313659259984089
"812",-1.2462010874182,-0.0932686292123558,-0.03101929807415,0.393359567100046
"813",-1.83995773293456,0.365571053220308,-1.56575811606996,0.898545268154005
"814",-1.80455516141177,-0.478201592718188,0.0837761507397662,-1.13140436381928
"815",2.64898491011437,1.86341385859049,-0.101508386032933,0.165352925176566
"816",1.35368976705033,-0.107012396697165,-0.609597365915287,0.222753737500585
"817",0.431746521169686,-0.127685258112898,0.548730003160018,0.104967161565409
"818",0.981810831539792,-0.78480859517496,-0.644060378855775,-1.1084044971021
"819",-0.475463595471736,0.563437132540917,-0.236451100334717,-1.46565945735033
"820",0.188713045985447,-0.333932852317274,-1.12332271408384,0.281331806268775
"821",-0.284127450797539,-0.489794597300084,1.40677490001997,0.450651946111313
"822",0.0204284196233937,-0.778522903613017,0.574443341894306,0.890329726005072
"823",1.06666231653689,1.1930162760287,0.618113620246731,0.558327238051415
"824",0.641087958092665,-0.520941604624134,-0.0953663754454195,-0.877651691026234
"825",0.865105712518751,0.329121245054284,0.116822019443761,0.953969661828176
"826",1.65360074048473,-0.776765072203508,1.15542577260964,0.903380640401834
"827",0.497375292367451,1.63752406779952,0.0835694760032352,0.486916180780986
"828",1.00319884348375,0.517511585784021,-2.1706915915394,0.0929461632246595
"829",0.157819798165636,0.11804497934955,0.497505686731821,-1.35176085569435
"830",0.0554731745934945,-1.05337297899807,-0.788961550894694,0.237339977805542
"831",0.339410302235529,-0.101690502249651,-0.449126741044677,-0.854536202995215
"832",1.0029826207763,0.694436933972681,-0.169325134537761,-0.482560297981074
"833",-0.396808935912319,0.200356936531542,-1.00604214593735,-1.01652094695438
"834",0.134779584594939,1.92538694168561,0.550935603202037,2.34323074996448
"835",0.579660314798666,0.505309651306833,-0.299509035998672,0.24901171445902
"836",0.689152743669041,0.27612204220315,0.922898972360079,0.574470514440962
"837",-0.23220954816046,0.987924926866349,-0.28315641636362,0.334939816978573
"838",0.86124446423486,-0.505238290193756,0.1041123293445,-0.923691217375577
"839",-0.151364368246361,-1.15235489419758,-0.0278042074281311,-1.08945527956489
"840",-0.286292954445261,-1.6704037280024,-0.691008430659913,0.74836989618148
"841",-0.498585162260857,-2.30386841395613,2.08626036651859,0.46400433794052
"842",-1.21792925631287,0.220171658509418,-2.85572719688568,0.757467828659633
"843",-2.12779962220031,-1.65720807963693,0.791763821027819,-0.163625498302295
"844",0.782161937471674,0.53476953784511,1.3601469826063,1.4167153344025
"845",0.22748830320291,0.637578630083036,-0.85513901627281,-1.49454108207363
"846",-0.143084066561449,0.747630442350513,-0.0906633739737472,0.301819703871647
"847",1.19412168485659,-0.836098890606383,-0.455519041158725,1.03704971374086
"848",0.187356705103243,-0.00207215107777509,0.253898266710044,1.82349327381398
"849",0.389041554210556,0.99165047571593,-0.449465352149223,-0.767470007420926
"850",0.240060938760435,1.97669780612577,0.268856146316585,1.70596650487499
"851",0.719075062927959,-0.151790290097165,1.3891374300826,-0.0360524021123772
"852",-0.314578033258733,0.0624821610199465,-0.144522369286934,-0.501863023469493
"853",-0.401894093617481,-0.598210317545147,-0.824403785192973,-0.358625653957892
"854",2.52437856401122,0.998109424340551,0.972227047677094,0.128431505739825
"855",-0.714430927351402,-0.181903244267301,0.56508728284802,-0.503510386924092
"856",-0.87294083301955,1.16012228442128,-1.89895025084185,-0.90226842033265
"857",-0.397636379837855,1.17011087180381,-1.86694672625539,0.0736811655368456
"858",-0.327496325626445,0.0591233667751868,-0.694121644379377,0.818914861557053
"859",-0.598839463812436,-0.604244334557773,0.186370551778361,-0.844974366363445
"860",-0.575837628735785,-1.70687607228731,2.06820174276652,0.999018844487447
"861",-0.668511540756092,1.3688123664434,0.319682689120286,0.37796804825088
"862",-1.72580692203418,-0.486954989270109,-2.08044610168411,0.746983547509271
"863",-0.930825966865593,-0.408273761412134,-2.39577346613351,0.0254571972072203
"864",-0.0458301975899826,-1.82002310375515,-0.266807518733783,1.88364609840584
"865",-2.27636414303437,0.0224403942778219,0.0994129852761101,1.61521611024338
"866",2.97669327762017,0.767889347088275,-0.00911207430660162,-1.13344781355605
"867",0.939782328752771,-1.09844709356612,1.37528023988999,-0.510640861721049
"868",0.451302215487122,2.61911298431053,0.479882870068338,-0.725413663258888
"869",-0.532312043129378,-0.671161458020932,-0.148976465248519,-1.49406850896909
"870",-0.651516177940225,1.17820467772954,-0.204904039369779,1.79358654146379
"871",0.184139303491898,-0.0688674781211766,-1.75855360437923,0.840875925912574
"872",0.515071604622347,0.197936171526649,-0.991058804225717,1.68182200969787
"873",2.00197789148506,-0.561564746235862,-0.601317986076689,1.7652833578146
"874",-0.0849801594136955,0.257488532934643,0.973248270058512,-0.24060867589377
"875",-2.13990017337843,0.235232302264967,1.51889264550334,0.875948039541576
"876",1.52493350710017,-0.846609069552074,0.0278702603882796,-0.582661676938269
"877",-0.064317204380354,-0.722653637795625,-1.1662970493066,-0.0126638772179724
"878",-0.551418637599375,0.705029152257804,-0.0479987066038802,0.954635051124031
"879",-0.762454364736163,0.309465317944513,0.513785212742811,0.980179803570483
"880",1.30569398685152,-0.581411143225572,-0.508876234980107,-0.869252864742394
"881",-0.325821099496246,0.668595880236069,-0.340974557481198,1.37829384837047
"882",0.367376803050739,0.586903703348023,-0.456753125635157,1.58381452211614
"883",-0.318320894244935,-0.210987318618191,0.015517456409409,-0.808118494299282
"884",-1.88599460708602,0.221627406693777,-1.18849364938023,0.125986377213739
"885",-1.08476949808266,-0.160977108509975,0.648199646430253,-1.42670715665138
"886",1.03635427194007,0.109831671857189,0.043020458584725,0.00165102705294015
"887",-0.643341213602778,-0.21981566972212,-1.38071814110087,-2.16964391238681
"888",-0.349784958143934,-0.554375816349351,-1.62751890954921,0.41553177060844
"889",-0.850114156653939,0.0611137886009879,-0.0782816225703429,0.728932112411733
"890",0.764000531454611,-0.671055719821404,0.0130580485621461,1.24477569403199
"891",0.291851408330226,0.763481088305839,0.00180349186833082,1.15316075054984
"892",-1.37379664646971,-1.09431584342633,-0.546373353322669,0.334740529061985
"893",0.858955251941238,2.04396672427525,0.928635735666606,0.683457775412427
"894",0.41016614452902,-0.213855110656828,1.20824295494363,-0.190056906610235
"895",1.22124360642753,-0.864651764790565,0.213053037058336,-0.873025466559125
"896",1.02788311144323,0.14197946431493,-1.27245509619557,0.774752976147349
"897",-1.28135129087939,-0.337643184941711,0.259455486556127,0.593543751308929
"898",0.298789236050776,-0.392434719625326,-0.169045685130267,1.69741617481427
"899",-0.352266705078693,0.580527042602051,-0.353542932395592,0.306249085571365
"900",-0.686351239326491,-0.937871537082869,1.80372915708886,0.485123193143218
"901",-0.744315049865735,0.153364306078006,1.07114014371178,0.0715287882984221
"902",0.243420258786475,1.46845762772347,-1.72175077400759,-0.200791138763986
"903",-0.870223656695331,1.98828475982744,1.48160756742279,-0.514743132111237
"904",0.144317445870784,0.703840056819569,-0.247686648831013,-0.464017210491591
"905",0.0234221057108286,-1.38222144257629,-2.40851288575397,-1.8881478769669
"906",-1.01347909008094,-0.732028822961051,-2.45843147253209,0.324895324878501
"907",1.2159810884872,-1.40911656184074,0.118062233484272,-1.24896208110437
"908",0.801957181523898,0.216785207159362,-0.568616812704105,0.491961228921364
"909",-1.05493713434415,-1.82731725521331,-0.564394152059403,1.71492558536715
"910",-1.85697706385031,-0.502791439711182,1.29424412550645,-1.05649633399616
"911",-0.156144924158992,-0.830655683248492,-1.30202011011698,-0.579737853964394
"912",-0.267643802870162,1.10800974160374,-0.227799081144152,0.850664404355888
"913",1.72921323395025,0.616035149843953,0.471811138683286,-0.280896586178468
"914",0.276243325068565,-0.619513000477431,1.51541038539459,0.790138823397135
"915",-0.034927207144932,-1.79510587919225,-0.606383629801225,-0.0576701690112868
"916",0.548701408557966,0.695222044781451,-1.29245476775652,0.292125274155638
"917",-0.19482751642279,0.307688752232094,0.416069234262596,-0.18554296477267
"918",0.619745667420022,0.812747179946885,0.114546340970179,1.70330851890744
"919",-1.88870384832694,-0.825268043312806,-0.293496983647586,0.567696659943371
"920",2.47678946559725,1.08559160128793,0.768980769837255,-0.546268813664992
"921",-0.79944086096296,0.896714210256504,-0.041570369859475,0.178143016524511
"922",-2.08638833999799,-0.207794586364169,0.964840258123128,-0.138687831813083
"923",-1.1154151864017,-1.0398123366,0.0851964993091081,-0.41987994430239
"924",-1.87775802399373,-0.154421754227808,0.870709962998126,0.26635559998339
"925",-0.540855313485167,-0.752168637401857,-1.14640326404604,-0.457015539575962
"926",0.369134335562833,-0.844870902038172,-1.02627073552104,-0.600170984762804
"927",1.18441752124025,-1.26557346005155,-0.615415002824915,1.9046395029468
"928",-1.87316142569491,-0.206223467379863,-0.799486904952218,1.91996030093932
"929",-0.665981770414751,-0.249620115409106,-0.547909904975855,0.214363223479442
"930",0.0407101572239073,0.0398776423586599,-0.102389631998993,-1.34449536265105
"931",1.81014296448878,0.24360500593421,-0.46169078971336,-0.370829932140165
"932",-0.237622928171076,0.982237612028027,-0.756877255407569,1.02154745521673
"933",-1.65038012319602,-0.822783034476594,-0.343714706138214,-1.2104589413496
"934",-0.798202108273828,-1.13362868123146,0.565935919036516,1.26713095884484
"935",-0.574367358129925,-0.556010336497153,0.735015783509005,1.05281704013982
"936",0.535873865552101,-1.76297815300791,-0.144600187053861,-1.030458731995
"937",-1.40927888452004,-0.825309483645865,0.875961577145902,0.378172289156346
"938",1.17704747894087,-1.7596113020741,0.788970494734973,0.0909376654698593
"939",0.00038200689081669,-0.422549100502435,-2.0346311670923,-0.574230312925684
"940",-0.0286009744228979,1.09572044885288,-0.987522792686229,0.139440035858479
"941",-2.17736247370429,0.55931712537199,1.98957851605712,1.08036076012039
"942",-2.62926649385547,0.529410921308595,0.853942284890792,0.86647259532031
"943",-0.1590487015102,-0.224525123804179,-0.668134342027433,0.166096217951574
"944",-1.03065239836209,1.17605091933148,0.347901280613887,2.50020027630279
"945",-0.175792468007256,1.55379267396891,-0.432470904190468,-0.991429018432098
"946",-1.3974242024468,-0.726433205709237,0.453521001122175,-1.5288597442492
"947",0.0319662801054164,0.342692865521359,-0.252254940228723,-0.448661589642105
"948",-1.72424436206515,0.341813788656359,-1.78068428764224,1.0372245633913
"949",0.953036571837702,-0.271379548323767,0.499720280366814,0.0691070828736459
"950",-0.581450913141241,1.46334549856744,-0.341284993531816,-0.646992769439322
"951",0.218071678507557,0.208300576362793,0.794535340315101,-0.410922598748034
"952",-1.07626726601084,-0.854816456056666,-1.36166531890592,0.105453141669313
"953",0.655959768402462,0.651479918743517,-0.721914743469143,2.21348460553301
"954",0.628802334251256,1.46628691587681,-0.483966115103905,0.188027177346208
"955",0.732822097018441,1.78562869320106,1.64837320215866,-0.611992935668743
"956",-0.376874306501095,0.595224423418854,-0.43456039704222,-2.43022472039288
"957",1.93582841961903,0.626039598819337,0.259546641652663,0.637825635092959
"958",-0.598381072472566,-1.11383975908142,1.60485444872776,-0.769870328961647
"959",-0.450461004754968,0.511414919989104,-0.325625883988548,-0.62940168970853
"960",-1.14919645770994,-0.770547588520513,0.863930451754822,0.624620674475969
"961",0.389477629604323,-0.315725293412848,-0.856621058730715,-0.626522764893722
"962",0.307011898340136,-0.591779736024115,-0.718560331377053,0.276339112739027
"963",0.00802566749483737,1.92213546276146,0.841663814354828,-0.167542348390264
"964",-0.492159600719087,0.201129360812461,-1.46477472338215,-1.41315494198123
"965",1.20504352667644,-0.705651302832471,-0.0517592059761121,0.0224778541460249
"966",0.535189176694362,0.784603661057018,-0.0492304766453214,0.819846258457484
"967",-1.52625777991355,0.0584205320988479,0.501076533403345,0.0640523390457965
"968",0.115599921691171,-0.460626280661516,-0.594822262019332,0.116789428903647
"969",-1.660514231106,-0.833337135752395,0.879185716421043,-0.0948262789123076
"970",-0.331839446090178,0.98991422309518,-0.416872732289894,0.0780061550352027
"971",-1.34924866745208,0.484187242930331,0.545253253288933,-0.745957707511529
"972",-0.237550874694953,0.116354340196806,-1.36836063439756,0.856879916032133
"973",0.632524644041481,-1.3361666903849,0.308795983908092,1.12361536484804
"974",0.231564804969901,-0.235214237034871,0.494104525417464,-1.28668006995409
"975",0.566185965862241,-0.913987984787153,-0.149836154988499,0.561770150623183
"976",-1.65225924338866,2.15417948153335,1.30622733705212,-0.289613991655739
"977",0.972208013612951,0.519993746017398,-0.192438282420227,0.775604938288732
"978",-1.1851787177348,-0.386335269369697,0.998534743184277,0.453881748644893
"979",0.552937389474088,-0.607496947147279,-0.350321443479456,-0.0332526385546007
"980",0.721291713493611,-0.308043466755034,-0.925969461202659,-0.115254239414807
"981",-0.200144821030543,2.22036126375671,-0.0613861181128426,0.357940069856648
"982",0.929752770105359,-1.02074339920199,-0.016232545848738,0.879035213733066
"983",-1.66038504864786,-0.32938582455095,-0.202802515665468,-0.25973713148588
"984",-1.17577733151378,-0.446552975268543,-1.02745349717064,-0.101793558948747
"985",-0.559773656518102,0.131359088145536,-1.01016681915458,0.842842417945692
"986",0.845082226271524,0.240483474389205,-0.369107126236217,0.180390688861751
"987",-0.354803234035534,-0.267346569611851,0.0244937922411036,0.808188909195135
"988",1.31959383375848,-1.15680277478491,-0.250211406895256,0.708052984516446
"989",0.166319030675171,0.914524829524063,-0.683591164965586,0.404673832439217
"990",0.835402788846842,-0.817868373716157,1.19674501864585,0.567604214096848
"991",1.71786702458858,0.57868610227228,-0.766125944274563,-2.02024013431
"992",-0.802096201321174,0.593694269029615,-0.902338612003946,-0.644443888440865
"993",-0.674052764761683,0.368408741113878,-0.6528717135083,0.798750883661398
"994",-1.42688147009403,1.88314742497153,0.889705805861621,1.54257578538449
"995",-0.63309783443433,2.35237446645493,-1.64006177313146,0.0933597463695409
"996",2.00723025182442,-1.43889127771368,0.783994569391814,0.762521178612193
"997",-0.617384446703621,-0.193013554411634,1.15735020532316,-0.551628767836996
"998",0.635584814617872,0.711385237192135,-0.0245325173307206,-0.178608571880774
"999",0.267311268541057,-0.084814054565994,-0.267187683368591,-1.69560724542382
"1000",-2.3569088421536,1.09188916314266,-0.136605221634205,0.289386853793908
