"","v1","v2","v3","v4"
"1",3.64426928204541,-0.543931981067436,1.16598647700829,0.61971155904215
"2",-0.675454614550855,1.43372229176481,-0.0513071817456804,-1.75829358753918
"3",0.771754282215036,0.390183749771896,-1.07465791773153,2.10137296155346
"4",0.423232394028467,-0.17444498555745,-0.318868405483547,-0.277717822065138
"5",0.0979732200168337,2.47666263624881,0.50937997111159,-0.0498283926513956
"6",0.79840199204702,1.18367134956033,1.9428537525302,-0.917517094908026
"7",0.0831182954860009,0.740044483002377,-0.067222232550168,0.290109916440378
"8",-0.762645549717443,1.75084323856881,-0.306323644347459,0.155543401454199
"9",-1.28985511370531,1.55521444528993,-1.25549053813277,-0.0290409185115624
"10",1.46795857624634,-1.34078807013592,-0.053955791849744,0.238748854706521
"11",-0.274910956989717,-0.779683672188373,-0.484759174987585,-0.800090178687036
"12",0.529140012670506,0.649490460058791,1.11755006905483,0.337222745773323
"13",1.78972050721596,-1.20792587478882,1.00235997474192,0.937223279399683
"14",-1.16565364263635,0.191749767678076,-0.0328226212623044,-0.231129468515481
"15",-0.452103593385247,-1.80279554218999,0.534669964938784,-0.4429851848851
"16",0.0492464759555841,-1.27732270059604,0.205727094903485,-0.0374009028632945
"17",-0.419173783521558,-0.170852985742193,0.335983402756743,0.981748736256827
"18",1.13327837773262,0.387212083911192,0.41694728529841,0.270378707943192
"19",-0.847868093048381,-0.200775261447307,-0.734537218173527,2.02842766344443
"20",0.397621830385331,1.01632671901792,-1.80567275812703,-0.115389080107388
"21",0.228315350048857,0.758572441612936,-0.394191793591623,0.484156612311355
"22",-0.119535193565189,-0.32307630784721,-1.32148658314018,0.804881801035311
"23",-0.504706552205933,0.00312175269300785,-0.848174900308487,-0.429207476763301
"24",1.91858287185539,0.875843651068865,-1.36691338695115,0.724045982640068
"25",0.370918680105932,-1.46734094477178,1.96084051128044,-0.122113705968385
"26",0.875712210952797,-0.548860917601678,-0.799862566806967,-1.28614044080535
"27",-1.07493947144964,1.19923406483005,0.772181041383859,-0.358817742242876
"28",0.0815571032286346,1.84631826502456,1.01982807860381,-0.202640178561301
"29",2.39064374496683,0.6748876318766,1.14058577838769,0.100340125597708
"30",0.746767943169369,0.10107333895276,0.676301503146653,1.82932676036473
"31",1.10095656080878,-0.0632983135339171,0.109312306513834,-1.4749519159119
"32",-1.5477849867076,-0.397614226952653,0.3250062840411,0.584600694847099
"33",-0.0512856714821278,-1.46775024896278,0.825546398167216,1.84558337181391
"34",0.561513984405192,0.0886623858980787,-3.3157684062498,1.66892983665289
"35",-0.462404542518667,1.51076296501615,1.4219382888297,0.125349614941477
"36",1.02576839172142,0.587715493606058,1.60383783175691,2.14255004554571
"37",-0.608699220763426,-0.708710660810434,0.774987563933316,-1.07472828627008
"38",-0.472011809670916,-0.243808558780175,-0.122858897911601,-0.59414466229072
"39",-1.23646385352283,-0.0547913589948017,-0.530689945128274,1.40669339175292
"40",0.959423275291471,-1.11450887809898,0.128616905772813,-0.499576331187974
"41",1.14211117737573,-0.591195702397081,2.55436497837361,-0.601156257678368
"42",0.370809409558316,0.0815462302654914,0.169230660463976,0.0256047578553496
"43",0.552335299408596,1.6296394468252,0.614448797064062,-0.49928333257476
"44",-0.933733505082327,-2.05327939006018,0.236889902164994,1.62266022746407
"45",-2.59584055344592,0.344149192604289,-0.283490373339652,1.37642068349533
"46",-0.16516052987559,0.673801514749544,0.834813216639467,0.727712789328121
"47",-0.254171975417774,0.329895885691204,-0.860084642264563,-0.504093893509728
"48",-1.44916091802048,1.16777944554124,0.424304396781809,-0.517477035894162
"49",-0.597553454721364,-0.980491140276566,0.61725530836753,0.0261768692640321
"50",-0.0711821275251468,-0.664534935235913,1.41459519306861,0.914444926506057
"51",1.12796943712893,0.216779611147495,2.21164651684638,-0.335407661123621
"52",1.13694971164355,0.392669728674195,-0.562221361204074,-0.041845640117341
"53",-0.690988841244487,0.750087567176488,1.22781160255625,0.75411819248618
"54",-0.964804113339516,0.326080059127275,0.431934656427673,-1.1540672159335
"55",-1.57188607330523,-0.41493422663747,-0.0232981062534125,-1.88701253035454
"56",0.575342196049557,0.73975038142445,0.298280289362464,0.445699555554721
"57",-0.887493377928824,0.728832810580151,-1.26840400468695,-0.404723388525238
"58",0.517225532553939,-1.09559842569975,-1.43834590144887,-0.737053153205272
"59",-0.14322594816307,0.786002721292118,-2.06070782264391,1.03200254225423
"60",0.113006292477796,-2.10855596515951,-0.937828474654123,-0.176004778608467
"61",-0.357920956221176,-0.109183158600682,0.0755226512751271,0.422475685333056
"62",0.792438652992506,1.61839396876497,1.65569946293053,-0.746253596969417
"63",0.487557665633442,-0.827298198191501,0.0439446286129716,0.186354852206233
"64",0.687881961323376,-0.670575502499391,-0.718702639220446,-0.0128836407427697
"65",-0.907384584032939,1.45618101840804,1.99563913165269,-0.539248646798139
"66",-0.198719939873751,1.21843270140014,1.71539013413665,0.659310877219049
"67",1.39800891791762,0.547138169235153,-0.544841210901823,-0.598110453921758
"68",-0.169656056231859,0.855806246685506,-1.37573745717599,-0.201393009258791
"69",-1.25045656306762,-0.819114497207083,-1.87975006947757,-0.383772106384291
"70",0.574476784702914,-1.41229032340101,0.503448794897483,-0.113173984980646
"71",1.40226268910076,-0.0415554000209533,-0.0938119096377322,-0.735496427137358
"72",-0.866304970429378,0.0349770673269902,1.91174297587486,0.558253855987743
"73",1.22670475340248,-0.176654854222724,0.138465339539614,-1.29862094566931
"74",-0.554791293276308,-0.150003887656737,0.964479885810292,0.175716109752363
"75",0.290452833508094,-0.623568014817387,-0.991858370150801,-0.505476725692179
"76",1.82541187551852,-0.0767663804198237,-0.261266631505344,-0.731388796321537
"77",-1.82377409730388,-0.277905988129882,1.49710507693752,1.24293101571937
"78",-0.259518442731418,-0.520929510986549,0.926250353930863,-0.778017129662687
"79",0.028666773059535,-0.568023228933564,2.4257580431713,-3.18859121364702
"80",1.79708723948333,-0.375499431794366,0.163895384767846,-0.876900994095794
"81",-0.886976410366847,-1.97209208420129,0.253875075823561,-0.445571735081734
"82",0.895782676428325,-1.32178356254831,-2.40501283961119,1.0195113798354
"83",-1.49464208218796,-0.725135008114682,0.437326726895788,-0.187760185658201
"84",0.61078937724323,-1.26849133697694,-2.41277588839272,-1.13582476359319
"85",1.02312574051534,1.789613887442,-0.910062247321342,-0.78618635036127
"86",-1.20371579575924,-0.383150324849602,0.307464810839621,-0.411524810662219
"87",0.703935397096337,0.0763477647854711,-0.137548518799524,-0.718494927545733
"88",-0.065961928760586,1.57076101707905,0.553897837025985,-0.218063497287923
"89",0.241659288710504,-0.152622689287585,-0.930896006068322,1.27831393638166
"90",-0.606328298392607,-0.15287872687858,-1.69085642811097,-0.698724718980489
"91",0.620395662540465,-0.236362730860274,-1.0838846427908,-1.33268060178741
"92",0.0309724064307668,-0.959594422634116,0.145688469746525,0.872456503233508
"93",2.59712651447577,-0.75159460361884,-1.24530237819546,-0.189471690226632
"94",1.97988587632725,1.38271873741257,0.363099806682868,0.758601814948072
"95",0.340558529222658,0.395480645661481,0.948141495764669,-1.45108601013501
"96",-0.19608236187702,-1.46174174123278,-1.98890163137304,0.451243759664828
"97",-0.0438731064055795,0.679409293902254,-1.06438423816066,-0.688319899393857
"98",0.106149025030495,2.22875476414498,-0.923287335716956,0.741521680187293
"99",-1.54734181634967,-1.41789462123896,-0.630397452699432,-0.383476813507955
"100",-0.654086256563659,1.09123422680691,1.32601221119494,-0.969987341077237
"101",0.253071341175091,-0.605378723850015,-1.29801535112541,0.353723858542183
"102",-1.58568991786168,0.0214004594456176,-1.11067664779217,0.48590153364864
"103",0.0547966313254527,-0.831845134084616,0.429437836279837,-0.430593516765962
"104",0.378925873529911,-0.37695062316529,-0.0691938485513934,-0.744933621936246
"105",1.43723330923696,-0.640702704980513,-0.216798197479756,0.747200679857266
"106",0.480013613585019,0.616275964330999,-1.00195311109177,0.188926352941541
"107",-0.176995205271291,-0.822944356802063,-0.648570585119963,-0.148917475977437
"108",0.62759118167172,-0.190961635659189,-0.205383415177379,1.71777112316625
"109",0.690929309603211,0.823405212409557,1.70268904589202,-1.97791155240503
"110",-0.0731552808158499,-0.0970339471393568,0.383398382598257,1.31012670912406
"111",1.39629972953686,-0.42643888477053,0.179506480899402,0.560946114908837
"112",-0.552264055899967,0.648639356006515,-0.158876865549919,0.830480260303009
"113",1.49811746442794,0.226968451895787,-0.950358447365143,-2.86257315395129
"114",-2.20982255561663,0.589727424057876,-0.368164464983164,-0.832110912916033
"115",-0.708637127179781,2.28092198547638,-0.0971169769961641,0.224205678530585
"116",0.808037822497892,-0.233996430971145,0.610254204176917,-1.08323430276497
"117",-0.143133322802621,-1.48295270972702,0.470000511326449,-1.00209834833319
"118",0.601054976476266,1.32042782103769,1.61767227222704,-0.903164914567439
"119",0.0704287141585161,-0.642815260846057,-0.793575013148732,-1.07773584214595
"120",0.0554805329148956,0.549107729681906,-0.304214446492032,-1.68834936521786
"121",-2.13433684719861,-0.915038593533423,-0.147345092888609,0.565945236775595
"122",-2.15391451866374,-1.3745321253937,-0.496911316164794,0.233905041116596
"123",-1.73863901400974,0.54164490354455,0.513375015818783,-0.0546846423823465
"124",0.963427161043644,-0.841608575503941,-0.726119948730755,0.446902505504877
"125",-0.942156759488712,-0.0561159473048242,0.648963524347369,1.08216382145011
"126",0.780028685503687,1.56582208179128,1.10028199409242,0.389542540897212
"127",-1.93491637472085,0.454399890311511,-0.500725726348575,0.243993524548973
"128",-0.906596901409061,-0.412230899028408,2.25140807440699,0.0175320007275117
"129",-0.1596714994752,-0.638146308107163,0.164764581103857,0.487465648534011
"130",-0.67876347076647,-0.293756999354309,-0.59076030573309,0.310881732598804
"131",-0.0865837719619589,0.754587545957548,0.652555338622208,0.954140813036459
"132",-0.778211999207024,-2.90286484720608,0.0975707141632865,0.914606077800194
"133",-0.0961578860991197,-0.826341678531534,-0.545828523852822,-0.425972536198334
"134",-1.36821088786869,-0.500435667451997,-1.32648050553668,0.188768470307078
"135",-1.90831577338027,-1.51819076837071,0.706411979061663,-1.72022734069971
"136",0.178061932313928,1.25492678516529,0.712004475935255,0.564772786405347
"137",0.200098090971675,0.0541381046523451,-2.27539547716232,0.664823006409559
"138",-0.258193239525567,0.772674083258859,0.611237969207487,-0.351795799458261
"139",1.4731648534926,-1.23241829239733,-0.509952505256776,1.16077773722659
"140",-1.54366498303398,1.43377645811448,0.351359358110199,1.43984480932778
"141",-1.44464714365727,0.308693739256511,0.920686264133342,0.473884011097318
"142",-1.01029831845446,-0.24110758180677,0.752966198648067,0.34817824362521
"143",-0.140982170116041,-0.381777304184116,-0.67527336425611,-0.667207235081601
"144",-0.191629441952189,1.23559291406765,0.826138551827875,-1.00780386095916
"145",1.10247522649995,-1.64045921542429,0.846304414825545,-0.397926862277984
"146",-0.337899106848873,1.54356305496951,-1.43741980431728,-1.01648227159625
"147",0.659258894357747,-0.459827909199675,1.0358529219146,0.280701922716242
"148",0.709800338136504,1.52124499947908,1.85837427837817,1.41168596087965
"149",1.2556014124164,-0.0193284390618708,1.52976953359845,-2.27825496048569
"150",-0.709140843346782,-0.409282778988068,-0.186047005070457,-1.52883803530119
"151",-0.625556030395363,0.420711234296414,0.44942831493918,0.182493446349227
"152",0.826846639625429,0.402083501948941,-0.241600728137436,-1.55531468674072
"153",1.01299615093568,-0.988568500337638,0.45901134840834,-1.50399370837592
"154",-0.612596917504716,0.465320346398453,-0.198142348603772,-1.90297136883322
"155",0.892410905917143,-1.29023669367035,1.60793628903878,-0.0539572150144138
"156",-0.270664326160396,-0.342311872928729,2.29675599271671,-1.34322377422951
"157",-0.417390490740996,0.694298160891633,0.396753682558051,0.870293018107005
"158",1.0516492323391,0.557651935733596,-0.318467676133533,-2.05352897998423
"159",-0.0866206280323496,-1.14343219908662,1.34382825991643,1.70652159398873
"160",0.353429684065631,0.344854406397662,-0.647527462282545,1.30600869512849
"161",0.163564485402694,0.163498815952393,-2.29079515405473,-0.702781391436264
"162",0.179212340785916,0.784393796628053,0.512896526116994,-0.076734014542419
"163",0.297288825806095,0.209299422904813,0.102203406150862,-1.02279071712314
"164",-0.824975106142953,0.917282283265086,-1.30404565128704,-1.74468155360446
"165",0.973174568968981,0.177971436254102,-0.163518365850193,0.951827599030752
"166",-0.00707912842995515,0.538209201625535,-0.171526101210864,0.572116142307427
"167",-0.40598133243931,0.232650375363065,-0.297860150619086,-1.25797235441357
"168",1.42986031160908,0.682187247805544,-0.193518084316453,0.154687170745969
"169",-0.897988895162456,-0.139317531291931,0.589133004871979,-0.661077381394196
"170",-0.27568995953,-0.161154397699299,0.560810094624787,-1.63202882771141
"171",-1.75838906220329,0.959398829646874,1.2033250455417,1.10390641702414
"172",-0.34344636258811,-0.289527894315413,0.157116961652475,-0.177476516353969
"173",-0.338868880218752,-0.573857842592251,-0.563862872114531,0.10039643819236
"174",0.445398671367808,-1.52017890749705,0.97459882730043,-0.529010758730433
"175",-0.166048352807093,1.17106887017226,-0.0655689703749535,-1.02263227322476
"176",-0.979259229866292,-0.580109814531041,-1.82214259647831,-1.14634095616453
"177",0.287219563079391,0.590423145933106,-0.942503215012142,1.11464655973786
"178",-0.443866118676759,-0.52484777666551,1.73111899500207,-0.252710061341497
"179",-0.774842990891816,-0.26660479314402,0.260262852480113,0.301554066705458
"180",0.742626070603101,0.0214911125795263,-0.627682239669449,-1.28746646899164
"181",0.669116190601788,-0.0238620969914512,0.663409834664549,1.10723099079495
"182",-0.90052133774225,-0.00805419696802092,0.855482405530687,-0.702096814986828
"183",-0.107646564108107,0.0759777954935632,0.0440316782271806,-0.279245902439187
"184",1.06747106761861,-0.605527670602144,-1.3387950302155,0.786355837036176
"185",-0.156926316611885,-1.58712416309853,-0.987783784986599,-2.47163469029352
"186",-1.56471259367546,-1.08417235123087,0.00323941609010432,-0.763503587199791
"187",-1.27203246106079,-0.137471062529916,-0.58186519001811,0.312563445529377
"188",-0.11750256236806,-1.28114449402885,1.29200212449297,-0.749266806558816
"189",-0.27518787892828,-0.526356850561135,0.842043080943163,0.0370859366767529
"190",2.05018477215155,-1.26896850778822,0.417631862624245,-1.19463183164474
"191",0.166591289832996,0.723238526794569,-1.09531366295729,0.338230963272017
"192",0.137600918536535,0.57664140305924,1.2819849462805,0.303813961505039
"193",-0.675058153661334,1.17996108752042,-0.341072488924981,-0.984930934983209
"194",0.20005236586039,-0.69515174231468,-1.91974168835549,1.3557767985852
"195",-0.0752680410772118,-0.286149426579765,-0.21584057934666,0.636408452048094
"196",0.151577511002452,-0.501531372681679,-0.0540731358085879,0.524596788401248
"197",0.161840568012829,-0.194507022270921,-0.100157428332387,0.117263298380546
"198",0.690187197842675,0.961296120194416,0.000392180678838797,-0.00705481009738708
"199",-0.859129597804041,1.30083312949806,-0.553746700818625,-0.538081690489487
"200",-1.55981800658912,0.0539503004961799,-1.18387349348354,-0.163975890632093
"201",0.84754384721454,-1.13602413961295,-0.843646089355786,0.783748004175843
"202",-0.19182950828209,1.2481148871187,0.473559368559301,-2.15904440317123
"203",0.997745862063332,-0.758129510392156,-0.149717915982528,-0.0957709328232919
"204",-0.974727982729713,-1.61092156978086,1.18253054039741,1.20869759764783
"205",0.96342455550972,-0.230566441864635,2.16286304074976,1.09413525953336
"206",-1.5863336405255,0.854348378910049,-1.50274058520776,-0.0644555691251528
"207",1.15012284432083,-1.05106972173284,-0.280515673353624,-0.100294983894805
"208",0.150583928084369,0.414360839635545,-0.26187103144694,1.33993991204577
"209",-0.376096819290062,-1.65369073312483,0.215571790451564,-0.705565070317317
"210",-0.984107488789485,0.591094226315796,0.876319749187768,-0.484742854665633
"211",0.990104088645544,0.652003364063709,-0.498421434823065,-1.14141454788134
"212",-1.2570206814585,1.88216477484318,-0.0528037112130496,-0.798108352723525
"213",-0.4023758335211,0.361801207472701,1.1294479805001,0.0186916707567566
"214",-0.305481249044417,-1.00535678732957,1.10071329871665,0.901308289525092
"215",-2.24426358474916,0.464930686822959,-1.43553769565597,0.920864309853112
"216",-1.48103923680681,0.295977581827901,0.923827082673776,-0.868672134130117
"217",-0.486867734017038,-1.50005063724836,-0.39274015032361,-1.74138989919609
"218",-1.19865500881873,-0.565443550894375,0.176968824372914,0.956097348314507
"219",-0.414390848645665,0.244917673431258,0.586761208941216,-0.838733049562416
"220",0.614883036690542,1.15248688626676,1.03522582953051,-1.68080836151381
"221",0.819721381565211,-0.989812703336514,-0.382526169027961,1.4247478965082
"222",-1.7064298094347,-1.21026178321143,-1.61014527416555,0.437338704017016
"223",-0.235197453738563,-0.368709546864059,-0.0637567579720806,-1.67367689443052
"224",-0.0509746923195429,0.477073509871491,-1.43168342198574,-0.682107065614523
"225",0.587177827893184,-0.477488126500452,-0.625311452796933,0.707864691692004
"226",0.898832991474198,-0.949428261153159,-0.0651880022005096,-0.246891483236466
"227",-0.927247500156383,1.77728624498053,0.115821721227292,-2.17787763602289
"228",-0.915084948562135,-0.331651377340818,-1.52406444957316,-0.772654629330395
"229",-2.51904202105053,2.16284048271905,-0.512202497021291,-0.234249438093444
"230",1.53834494918141,0.00704691254827009,-0.18833028874412,-1.46523895947158
"231",1.74081989344799,-1.95962827736804,0.189590491568044,-1.26821056059667
"232",0.689046979858476,-0.539445210027612,-1.91833982804854,-0.797240113085459
"233",0.412471058097283,1.6830796439685,-2.04898404229378,0.420992363036067
"234",2.67317144182002,-1.57772870163572,1.57243764613634,-0.294673559647665
"235",0.243959292979648,0.651369712533207,-0.710087996235543,-0.491572614128469
"236",0.239507947050887,-0.942949848445409,-1.61293021177902,-0.157492542838825
"237",-0.804443795217889,1.07072267444031,1.50287670441213,0.390680207023299
"238",0.479227742868518,0.134977185144682,0.809614712358009,-0.262792805914951
"239",-1.03076311912561,-0.753730523824622,1.03880486884162,0.888861216246973
"240",-1.04680447075173,0.205443601162311,1.17627658323608,-1.17044626651705
"241",0.499671039550812,-0.596204988070342,0.454368574835006,1.13316153073415
"242",-0.821733523722017,-0.0853267304131151,1.81816414774338,-0.0210407165841673
"243",-0.0084524071812219,1.49889288555883,0.31203783886588,-0.899678767141761
"244",-0.496058434041255,0.790902019412937,-2.02444658116202,1.27429194979604
"245",0.198557680171136,-0.637770712230907,0.367732552606713,-1.10168313093217
"246",-1.42419177007179,-0.559099157482694,0.958897027786051,0.0848351886398089
"247",-0.728792882386944,1.09379188043075,-1.3834279624237,0.661792849795176
"248",-2.17477249425436,0.202192038301382,0.00586637605921448,1.66703719824127
"249",-0.0522001509602206,-0.30216985825089,-0.671403407658254,-0.075924744875536
"250",-0.291137838854427,0.531676345085401,-0.786758306323056,1.94643855178329
"251",0.823911983695856,0.00533149409239255,-0.725162154490154,0.491741320717984
"252",0.69748473034108,0.642570339392286,-0.793243511301629,-1.31935911956853
"253",0.497076843069676,-0.121445830012811,-0.960420647805078,0.0700676921425607
"254",0.930922758853409,0.212371183342455,1.36793286637883,0.227058088791373
"255",1.64751822188745,0.054872310300861,-0.578896788864778,0.819451999393344
"256",0.746113829684721,-1.23962195734916,0.468528596517382,0.713410399535934
"257",1.45700499851307,-0.642292583177299,-0.103861461227218,0.384699600025644
"258",0.699670765336378,0.0224437897493273,0.341741781620759,0.406733791272811
"259",0.668993827253312,-0.32669594352989,-0.965381278219177,-0.217820234187366
"260",-1.92804161032305,-0.325944083232756,-0.852347236185918,0.662597060759182
"261",-0.171245703220078,0.0101999493189384,-0.0782916979477962,-0.930515352355779
"262",-0.042661229885379,1.351162946275,0.302500473678218,-0.413044228996122
"263",1.36783828446827,1.78772225356087,-1.21963170376383,-2.53662625967156
"264",0.173742837543722,-1.24070180517619,0.87702218992377,2.32710123408404
"265",-1.40930848373646,-0.372788770411558,0.541285952932774,-2.66741258933078
"266",-0.26027524829891,0.280780000172554,-1.02870321687566,0.0767382351502966
"267",-0.362412931091973,0.0391176611131129,-0.335104940706811,-0.0961782773311719
"268",-1.10106494674494,-0.208777578936439,1.5141054030795,-0.611878269325058
"269",0.00777159439854933,-0.473015088902126,0.451172705538208,-1.39624007122426
"270",0.0812302743213313,0.592148104798678,-0.497085348340447,0.347450375660362
"271",0.619067344323492,-0.713733652478073,0.127464847460804,1.94630649210001
"272",1.02771890249357,-0.0723227356879758,-1.55091750766047,0.0288146766316364
"273",0.753303607789378,-0.267404367769478,0.983410001764016,-0.793270816467942
"274",-0.13004125387059,0.370463465925235,0.677703269584742,-0.847427658885848
"275",-0.376327395949307,-0.926149204241383,-1.37302836028903,-1.98907897179264
"276",1.39664180657353,-1.5669476365556,0.233441009612622,1.36647402010133
"277",0.365716187881887,-0.269973403105536,-0.146337026332792,0.884948604045032
"278",-1.05425384439592,-0.713314482194839,-0.0115631367913415,-0.908711178613499
"279",-0.660054115814068,1.15470227530931,0.858651325940128,1.24718643001196
"280",-1.33697231171579,2.05834002702502,-0.268350334086632,1.30570915003113
"281",-0.987404509897806,0.450122558056879,-0.690368126530432,-0.0183884005567964
"282",-0.0786887533178282,0.555041222069898,-0.00597022902267243,-0.643916577985536
"283",-0.637618273725465,-0.435200464403209,0.120734053969288,1.75340888536713
"284",-0.0621940179502898,1.67828669752076,0.672808120812135,0.352150962962656
"285",-0.342207274305668,-1.62743074478025,-0.942542683296472,0.198717613603775
"286",-1.03983127943696,0.185502775464558,1.02226550610893,-0.569245150233194
"287",-0.0600770064858007,-0.211097152813069,0.171867229447669,-0.447824943472862
"288",-0.0395499920373398,-0.45582193619555,-0.225933031531708,-0.266750112003191
"289",-1.94060962700096,-0.627571101281477,-0.530760794320138,0.50277254386065
"290",0.534368395008013,-0.276462603255056,-0.14677619100033,0.1118190111746
"291",0.522624478622442,1.8313188577707,1.6259488315174,-1.13894793681285
"292",-0.326914122619486,-1.59497700179453,-0.77211732116072,1.2971856012003
"293",-0.714140783201272,-1.21513777295234,1.00095289141984,-0.120994600501352
"294",-0.218858469481089,-0.599208305631885,1.1802223707444,-0.0825122703994913
"295",1.01040086184703,0.398042278455056,-0.615595177195963,-0.807691858326715
"296",-0.912611811304505,-0.213446611899408,1.66280822072898,-0.527479975083233
"297",0.105005739824919,-1.14619206450997,-0.968930384538658,-0.999336707232202
"298",0.861663747242854,1.30008403021554,1.09941398969934,-0.521759712873551
"299",0.0408789419166951,-0.673387652896963,0.504371308909786,1.67651962306966
"300",2.41545031540062,-0.342389935997736,2.38366993163372,0.00932241645199637
"301",1.48752895090985,-1.03834008675219,-0.312476037609266,0.159407144275957
"302",1.38656972089272,-0.218496878404745,-0.860670152777109,1.16908148558895
"303",1.18745674825081,0.562496470777775,0.11584324843458,-0.338293806185939
"304",0.792809560853757,-0.288839843362032,-0.238153897476252,0.748666313959857
"305",-0.73620787940313,-0.229182649972542,0.425498420655417,-0.359926271447737
"306",0.711203966832907,-0.49168209373961,0.487826920444621,-1.41610984642018
"307",0.785099789768856,1.04762852140917,-0.584925590177588,0.572957063634486
"308",-0.938399808592542,-1.12648528316601,-0.176861565516014,-0.291943013114193
"309",-0.157354017599125,-1.51254013688007,0.49494145994329,0.841069531166435
"310",0.209060511449963,-0.324406007913149,1.37080701015189,-1.49187838320546
"311",-2.36531157173131,1.11514851155389,0.289456042879275,2.08670529924563
"312",1.51037828639124,-0.0658172612851851,0.985002928218555,0.0776233031990923
"313",-0.199512979631166,0.502852914862046,1.49038235468041,0.883814128960635
"314",0.662849068127445,0.513933482545247,-0.613526431538959,-1.89622201163887
"315",1.50565348418754,0.0344679800607847,0.213666237776449,0.438016018409372
"316",-0.981613097943109,0.731626153350878,0.860316279367964,-0.139787237273119
"317",0.318118238123166,-1.74975088690847,0.412403954205959,0.592328611575694
"318",0.288037481928596,-0.463247790964519,-1.07876131202488,0.13025888266931
"319",-1.34595967516331,-0.689100537623933,0.549768073696597,-1.47140552077868
"320",0.894625390631838,-1.45266996124345,-0.81898792193242,0.363782934331529
"321",0.693079675680151,0.57591157945659,0.961699741147199,-0.991521668742666
"322",-0.405203329476933,0.999176303855681,-0.566631530412262,-0.755356581166631
"323",0.254354966154751,-1.29419349013965,-1.36279903068653,0.415641395413003
"324",0.868166101924358,1.34603018797276,0.773166542904359,0.467944806731805
"325",-0.605566204440902,-1.13662032186764,0.276001721518011,-0.356464247614586
"326",-0.532690926477571,-0.708995482500309,0.00858774850892222,2.31965797578831
"327",-0.852141323976095,1.11422406010894,-0.464839783969527,1.51033716110424
"328",-1.56319519728112,-0.148980553954461,1.42588819645062,-0.109503712658896
"329",1.62489898626035,-0.568525462322806,-0.209631117747665,-1.11564373037992
"330",1.28060710784204,1.38348037082993,1.94672367850243,0.331176550815774
"331",0.390069971981545,-0.528311819459471,0.550749998595552,1.01731655097236
"332",-0.182581071420636,-0.187369076608212,0.261510247617873,-0.18819260786074
"333",0.205316039931224,-0.871474318271181,1.12185857412108,-0.949525919230981
"334",-1.85125031327272,-1.05469617770336,1.79384721672626,0.889696604023539
"335",1.24482310496831,-0.443682488096973,-0.466314114557681,1.72338327103913
"336",-0.494314983771882,-0.616661045823329,-0.243727975257523,1.29448390325468
"337",-0.709887111921211,0.19823041822505,-0.00923919021313307,-1.9478676954111
"338",-0.487219760053487,0.301914192792409,0.141017946732884,-0.725295408565486
"339",-1.51280646259915,0.420205771929791,1.05158867170069,-1.30192196462128
"340",0.059415574988135,-0.871999739396228,1.32364008511467,-0.229538218718293
"341",0.408244435124869,0.221493319506838,1.02415933966233,1.51089947256345
"342",1.67856747305776,0.0667766657328508,-1.52389514381199,1.33821288352691
"343",0.466557247863089,-0.283591391339912,-0.533816469833417,0.612903865169067
"344",1.26484236428368,0.0220989017075136,-0.508657951996171,1.47775057604144
"345",0.953272776023762,1.89666790058417,-0.804764195177962,0.288671649821689
"346",0.36006619289961,0.131379481880104,0.0726677376002259,-0.0757350041567781
"347",1.84309004135856,2.05070981108109,-0.802666050944607,-0.04230174672879
"348",0.673763705157543,-0.185099216835932,-1.76467820435463,-1.04321929754424
"349",-0.12899763600015,-0.901643736170572,0.99608407893001,1.33088055033393
"350",0.347713909707738,0.606405659338084,1.17840822353693,1.80511558755993
"351",0.0504803626959467,2.1186632235666,0.911777287875767,-0.441749496604767
"352",0.299346080938348,-0.228256349770074,-1.77731280868896,-0.829202700992441
"353",-0.412273704808122,-0.278894156216084,0.19278562735605,-0.0923436554460343
"354",-0.14340738714165,-0.296757660973794,-1.21338818281543,0.404511907453455
"355",-0.47717247037644,-0.0258082209204241,-0.330228966206349,0.693589708386714
"356",-1.95986740704811,-0.51998285567251,1.53170974731637,-0.221333252557186
"357",-0.251547731683682,-0.879282848032095,2.00977196389684,-0.49606851219974
"358",0.53909029649355,-0.573191467917777,0.867748305077841,0.21463746917761
"359",1.13437515515962,0.315781098853524,0.590335858720927,0.379517067223423
"360",0.267886397225115,-0.975992571759684,-0.614915389293591,0.617184188640868
"361",0.174772479343392,1.59607795407341,-0.157032300755445,-0.368880549134261
"362",-0.288203519750485,-1.30281869724474,-1.94159780309163,-0.984333945166547
"363",0.642210274848807,2.22908106728643,0.556254962556094,0.976500040305801
"364",0.555957077116369,0.474187084335242,0.728687002869072,1.51998932699977
"365",-0.282843506338115,1.16672072401202,0.373408335366693,0.463995947549059
"366",-0.0213156907652108,-1.93275209278887,-0.293406671934395,0.848667513327982
"367",0.745076711163911,-0.64370303614484,0.76048955813439,0.376588765297306
"368",0.665367679602372,0.479253026686388,0.846454426928417,0.0298493129609046
"369",-0.00503418571129244,0.743337812921913,0.00304768290043188,-0.774775798339996
"370",-0.0268047905571536,-0.677907400693111,-0.537097157365308,0.734421638252365
"371",0.149187319098926,-1.5745361178213,2.40387739390035,-0.591783709646955
"372",-0.113215163685043,0.19332928559505,-1.73178623304456,0.674790898336975
"373",0.130664494339817,0.0377305851632954,0.851101117115218,-1.99052743129888
"374",-0.805764241465566,-2.10567232792959,-0.727867943901548,0.184182253740686
"375",1.54613035174166,-1.39342269225292,-2.25268281194924,-1.01463279028553
"376",-1.76745117408751,-0.702446488031505,0.0162968481175759,0.845908163521387
"377",-0.858456072535585,-0.149228565938287,-0.859775504403704,1.3727311285485
"378",0.59239472650905,-0.555952608344173,0.0554966791560695,0.648492766640429
"379",0.405171380891746,0.51416356678112,-1.97900849277961,-0.367481024404113
"380",0.432996936169785,-0.439299830943488,0.558257022591185,0.456551354347067
"381",0.146316454209849,-0.635372821082496,0.460696837052741,0.284466955730179
"382",-1.89195399887647,0.411353488162526,0.398794574638028,-2.33533135819259
"383",-0.501267759631211,-0.725093120948233,1.05084504190499,-1.7544419194301
"384",-0.268658251965369,0.393791615968275,0.837508428333835,0.146841212931981
"385",-1.0026553885061,1.25802904045656,-1.32626437678508,0.400104760710295
"386",1.24530344503982,-0.190990611741048,-0.605531705179859,0.350671837525906
"387",-1.8857030845846,0.721619040938843,0.486914595489056,0.960743801228565
"388",0.164136265448888,-0.528130741765558,-1.26653596716448,-0.549581996015632
"389",-0.598510378209771,0.540728661728094,-0.599285888459892,-1.15602380689582
"390",0.406059777248352,-0.997665691705456,-0.344291666603761,0.117832921840591
"391",0.547918383863557,-0.0507686729804925,1.05864266102038,-0.193696550258639
"392",0.366612525506806,-0.737188330827515,-1.57662575990462,1.44350151856799
"393",0.931557318105248,0.903259811114039,1.79499238832084,-0.274343390864656
"394",1.60298734664577,1.0580595358799,-0.17301276970052,1.25464324311578
"395",-0.579720409914661,0.13494165992907,-0.676006893401032,-0.0661182483185702
"396",-0.610033010906536,-0.238142860488195,0.70891754860802,-0.494577651694244
"397",1.4777813939319,-0.294224692079012,-0.592125460334483,-0.551813157254063
"398",1.29022046898424,-1.09921100450935,0.081730499555076,1.16651571961036
"399",-1.24514748251819,0.745357372758537,-1.48176577115149,0.725523915324356
"400",0.881319754292225,-1.49964223704182,0.0144721328143523,-0.139475656119493
"401",-1.02398564053104,0.232847472349155,-0.877270915866048,-0.258243493744428
"402",-0.838348261237819,0.636791055498798,0.278035240669615,1.64639426116615
"403",-0.168209580546823,-0.564604772808186,-1.85559405222771,0.684995841657489
"404",-0.417067898981482,1.69463129770193,-0.868913385127754,0.61029771020079
"405",-0.89482042562619,0.411454799539041,0.146047036776446,0.761275634996835
"406",-1.44900869793455,0.231769262250254,1.39859484781717,-0.288112878567906
"407",0.517468067471858,-0.913084915960165,-1.30533422397147,0.0589834507116727
"408",-1.38553719253015,0.187300467024528,-0.31417996373091,-1.66302334972641
"409",1.43768936943536,0.561914036531956,-1.69436591227978,1.543781901266
"410",0.380000703950413,0.37582766541608,2.57620662121453,-0.0251439914230129
"411",1.12099460851028,-1.36268424760566,0.588969700933598,0.368112219018353
"412",-0.979541468057622,0.0200617533744006,0.146340395339673,-0.430577163636706
"413",-0.979589561427426,-1.5044231442015,0.199533365804339,-0.328147933713319
"414",0.0755540465485535,-1.06142419444627,0.163863169350548,-0.921481197131412
"415",-1.06858667301586,0.987590700317214,-0.337440236509349,1.22975863454769
"416",0.537919422879898,1.42560991885595,0.876109775084025,-0.295344968295967
"417",1.03689169060267,-0.0865013121898893,0.769707558195392,1.55218237179165
"418",0.601905796603201,0.671724438387044,0.96445561002114,-1.6382909302566
"419",-0.820860615020602,-0.604990728017515,-0.512569137261569,0.502966241067145
"420",0.0754953218135014,1.14309566552064,0.544401070707589,0.771978119294269
"421",-0.231043276151221,-0.589169490997964,-1.090519543334,-2.07202949056214
"422",0.0728893044875627,-0.896785314072385,1.73719584801824,-1.96871820885134
"423",0.992447464520596,0.938039230124097,1.52949092029658,0.14491291716556
"424",-0.210620909780398,-1.62820285493906,1.52467532440209,0.263694356698388
"425",-0.549539009229285,0.609507464501695,0.754482914639481,0.765511730523793
"426",-0.319326469030267,0.525430994257856,-0.631580261404523,-1.04414633713617
"427",-0.0932400139026349,-1.14549123200371,-1.10813662745663,2.17377502434763
"428",-0.689175772965481,0.755662013397883,0.233941595845289,1.21148438604
"429",-0.2493043517018,1.32621838605676,-0.929753971017337,-1.12969753169308
"430",-0.372628591369433,0.801371395695025,0.445919862448893,1.26647544903944
"431",-1.00920314434029,-0.304858315404411,0.231663739209868,-0.743868281262965
"432",-0.132766480226271,-1.71468335645795,1.1972098143145,-0.1671283732095
"433",-1.30391995233802,-0.0198231010238654,-1.95512595309104,0.946410604282338
"434",-0.906003648063809,1.95019256159416,0.448475017749159,0.00582240246469661
"435",-1.25296410696031,1.25643347490259,0.0334061855465798,-1.24179678452565
"436",0.483078536880719,0.2639773145706,-0.320392288830551,1.71169125830965
"437",0.506715132313122,-0.0300251279111773,-0.286876152006882,0.902644613505013
"438",-1.37743868699505,-0.794799879771711,-1.07836239457874,1.02998664092555
"439",0.188930467833172,0.499579801070832,-0.550696517965383,-0.806354166536207
"440",-1.73213326017939,-1.49734105541385,-0.835380528906401,-1.39590193309376
"441",0.677464876139426,0.223479223031188,1.28939487771552,-0.46920769931412
"442",0.302272550548945,0.275532602390942,0.137219966775281,-0.00941344409999188
"443",-0.360303461039115,1.05548654246121,-0.0500998866693518,0.228177618552426
"444",1.51874373467019,-1.73970360547774,1.69413959195815,-1.63688097645088
"445",0.46774624315354,-0.159912503837134,-0.0950203780271488,-0.943160456810034
"446",1.40009268977198,1.15173784810871,-0.494534450348616,-0.18857819839777
"447",0.231865941673266,-0.0528266215340699,0.295472030181706,-0.576674481713287
"448",-0.14380038020317,-0.61473884021821,-1.69526191735601,0.612192640693402
"449",0.390175042770228,0.787223946172816,-1.13475579647819,0.300214601403668
"450",0.066530600896735,0.313204458907182,0.503858541218225,1.43083113399054
"451",-1.53871397962992,-0.00784070539883513,1.32193109577823,-0.543286117713261
"452",0.635690617084431,1.22909224025815,0.316554468445296,0.978203655273427
"453",0.465999236792968,0.913754086120926,-0.240883916161668,-1.66945430711625
"454",-0.187428916030715,1.19996106592953,1.26185673730838,-0.151336411978408
"455",-0.911224631037067,0.0738841553018196,1.33009441511242,-0.864943041613563
"456",0.529590934859717,2.0250465197962,0.321120020396852,0.196836630178195
"457",-0.74608901719813,0.177379620107054,1.13902392668926,-0.59619912632139
"458",1.82996177918036,0.587547573048187,0.717188507551447,1.36253989576118
"459",1.34941686732438,-0.17862593483711,0.642416524149847,1.16785100096554
"460",0.530843968561461,1.13154324039798,-0.21187729282586,2.29270748630711
"461",-1.63801097342495,0.558537227948363,0.41218116346886,-0.840921621573599
"462",-0.769996131335404,-1.79921441794107,1.03297246857129,-0.955140530310302
"463",-0.116339283389547,0.581913538400651,-1.31864516511622,-0.69389389983417
"464",-0.0265769660991675,-0.520266724288613,0.428735897663127,-0.0873742958140474
"465",0.0499596167641733,-1.01715356291521,-1.52398767316085,1.28099987700701
"466",-0.32982922703012,0.668564579048725,0.306144489944686,-0.60562915055715
"467",0.400463703182713,0.324221701205727,-1.14277090344352,-0.170599618958296
"468",1.57194156898,1.15948914153779,0.746712357218868,1.66877527715857
"469",3.19232164120043,-0.125002661650675,-0.568013487915545,-0.632805653001739
"470",-0.682985933325767,0.204006604925554,0.185102591026593,0.101948640025785
"471",-1.20687966115995,-0.391626284269196,0.826912605481816,0.511236689998004
"472",-1.95646452701437,0.90537313605638,-1.68059383481904,-1.23107360618664
"473",0.630677807818062,-0.134625446014209,-0.534332606648841,-0.879776886064813
"474",-1.78377158205309,1.99306196913304,-0.864201887748225,0.213320555497255
"475",-0.969064651972223,-1.09692963885428,0.954245900771086,-2.46019250672687
"476",-0.041067257977054,-0.581955085129659,0.595620597343557,-0.405332377470767
"477",-0.0217510826732707,1.18632107671037,-0.056605398703228,-1.51380240335564
"478",0.713441312772311,-0.520126977156377,0.0316451510920186,0.410884399703494
"479",-0.960879151942997,1.32011983430373,1.03246320707527,-1.02137674548052
"480",0.090341140745606,0.193527809983043,-1.21059304612623,-1.25603470040312
"481",0.739198539622347,-0.0688847597938242,-0.334399173223672,1.75471975385912
"482",1.09229282881646,-0.548743574266213,-0.655640190148774,-2.47819526947301
"483",0.0738113492900097,0.691391245395168,-0.457953924894451,-0.452832301244374
"484",-0.653517335291032,-1.55576372264954,-1.41426129628151,0.339335539385846
"485",1.38420997454941,-0.420793740131119,-0.258193256305406,-0.176834372185761
"486",0.301596745451986,0.0787698236279179,0.150835393559219,0.514200368816455
"487",1.09158067871295,-0.31644206223395,-1.08061668374216,0.0884001447181795
"488",-0.636945246857555,-0.00477540261205454,0.568150016664017,-1.40972002782818
"489",-0.901229730102373,-0.305146689386705,0.990114701144682,-3.07622264094038
"490",0.384290957097226,0.282881194989048,0.519899187296324,-0.462018327029253
"491",1.88724509280998,0.32871516651259,-0.833681974656668,0.848916017281883
"492",0.25153020283055,-1.44571132214306,-1.39702206365841,0.693042769066906
"493",-1.20658786817426,-0.573495025783609,1.20561572549774,0.164602636165036
"494",0.929455558580267,-0.183353559898819,-2.19045538274832,0.309977772878833
"495",-1.77031889616786,1.5516244859981,0.713577577075861,-0.208705172254719
"496",0.300817854526055,0.80388453963199,1.2854622654737,1.94716051217717
"497",2.06444965217398,0.552862310122546,-1.07187983499825,0.622088781271791
"498",0.593138605263543,0.83767685600106,0.521596705288916,-0.783079728166408
"499",-0.178964223125793,1.18551172104208,0.568141969694994,1.32492485488342
"500",1.30305495076309,0.922439346509231,-0.691816136419463,1.9718000071708
"501",-0.741662030577138,0.771362291565491,-1.08401602126148,0.149032410426357
"502",0.930419927375943,1.44276362377856,-0.10259189184044,0.188899234579827
"503",0.111687032905165,-0.485860623424246,1.21382558210296,0.246294494965959
"504",-1.69544329927928,-0.286109889823145,-0.827661677604669,-1.31805423293163
"505",0.293755383844325,-1.99866869061188,-1.64266884567725,-1.13799449129081
"506",1.04641690559375,-0.682741108094758,-0.503976282599064,-0.302405841446534
"507",0.777420440374445,-0.621714140198807,1.95429097729684,-2.0962710216058
"508",-1.11011620156217,0.3151120416725,-1.17059581588401,1.49391971807909
"509",0.79246908082978,1.16231577535937,0.202724476399462,-1.26882562616906
"510",-0.419982143037445,-1.5200192906471,0.584705311507991,0.402273788633138
"511",0.532051036121892,1.27470307330578,-0.82791729936386,-0.483091239733471
"512",-1.02186555455202,-0.588372364775044,0.157124463550877,1.82462961641156
"513",0.91874714232989,0.848477857955655,1.5283545011982,0.0250624431118005
"514",-0.806066454863197,-2.22910318674677,-0.585242508880565,-1.7709355977927
"515",-1.43717226290237,0.581873243130411,-0.690798730425542,2.11714311257042
"516",-0.142381933254493,1.50817820094394,-0.132663907099681,-0.971703939968143
"517",0.0430492354455845,-1.17298841928642,-0.450314948325725,0.668656759859689
"518",-0.505267150974534,-0.286945340108306,-1.48556786320442,-0.527423638632404
"519",-1.40670758047561,0.565209150181659,-0.382912880776991,0.90503744809317
"520",-0.887965151182489,-1.34445008028086,-0.922677343582492,1.29586788881737
"521",0.875760250501895,0.151526871188901,0.666523131226556,0.20630877585601
"522",0.429446621991813,0.61151607892829,2.15763169893793,-0.45696681566197
"523",-2.02638933032451,0.0537023361937852,-0.722533922541484,0.772258525938541
"524",-1.9208621125575,0.103850651100617,0.198188906676613,-1.14778044865617
"525",-1.36942576828839,0.738796316053958,-1.73755235120773,-1.46843616122606
"526",0.0182528359641679,-0.968682363403492,-0.25353780238724,-0.199107337000475
"527",-0.272992771616978,0.351557486221063,-0.908948839506632,-0.550903685480147
"528",-0.447630827598353,0.0338563427647853,-0.219115059089714,-1.02139494945615
"529",-0.334615712154464,0.55445765316206,-1.67703398037587,1.18339561738524
"530",0.549076188699646,-1.46071694653222,1.38281996683296,-1.20319108694581
"531",1.56038217067815,1.86340108569495,2.19159211686765,0.523597300784618
"532",0.636612876349127,-0.440150639780685,0.241526661671226,-0.150145329836386
"533",-0.290086228458461,0.3052786765603,-0.371095051042617,1.07745106025687
"534",0.405685518697608,1.30360780140226,0.478552242439367,0.456537610313656
"535",1.21802767501185,-0.410112552344848,-0.519941343999514,-0.3758446603493
"536",0.122736451462836,0.486718519865066,0.354286700094898,-1.23013227759996
"537",0.161389912310301,0.17433419135765,0.553433857621291,0.365349998294838
"538",0.963474186144664,-1.08747605000107,-0.207973133598501,0.502570624770268
"539",0.565056623258013,1.05906893919185,0.18675409179787,0.323541331739883
"540",1.10620955298716,-0.917330733675222,0.89098499230975,-0.205123054049831
"541",0.668231407154404,-2.47607365187672,-1.47211646066814,-1.82468693295041
"542",0.984543026392981,-0.303413742032712,-0.615278675074851,-1.87550727931819
"543",-0.137888613977598,-0.0167282472477546,0.587745778474232,0.740129419250871
"544",0.788736667679929,0.0683796825575986,-1.33444819654176,0.343439817037923
"545",1.38471849305276,1.13055059081034,1.34185022330354,-0.0613002569431001
"546",0.0202386806657387,-0.189945159654728,0.186136213301748,0.373611316027029
"547",0.175309080424097,0.228483943917551,0.252472150240313,0.592157673253221
"548",0.174294799533933,-0.424212876597248,2.66586364244188,-0.997532096926292
"549",2.16029287576686,0.240147053823999,0.874056106024368,-0.967353393736226
"550",0.104527356193847,0.328766557987069,0.88996377494158,0.033373018690752
"551",0.552646483142022,0.577800089985614,0.627945687114662,-0.858489378392057
"552",-1.64280975436383,-1.44665835500227,0.968714583363413,0.973093058352087
"553",0.046556904937291,-2.12553998823457,1.73724220577647,0.0155016169730096
"554",-2.27152784635777,1.12488773030335,0.310257919242683,1.6782608139143
"555",-0.523707973482835,1.35498342200164,-1.1383170182432,0.335717515617433
"556",-1.2005245051695,-1.27527412078902,-0.775016466349202,1.16026214979725
"557",0.210904928108186,-0.47803492047959,0.934485846401578,-0.630005138095775
"558",-1.03179932255978,-1.59533843099989,1.28305791973982,-0.205446318644063
"559",0.201712698899225,-0.979229571439559,-2.52453260616883,-0.349424616794285
"560",1.22920986951558,0.959065050482069,0.156920223906036,0.704173568965139
"561",0.519648469473663,0.673922651630193,-1.48641802583169,-2.27854755156078
"562",-0.390484618885505,-0.496180807118914,3.16133332229842,-0.473791964787044
"563",1.29831053627367,-0.519625287950007,-0.39393142624683,-1.13457413801623
"564",-0.429943674617043,-0.0400713589953189,-0.44544632196755,-2.1023937901376
"565",-0.15461491768229,-0.48850103688484,1.16007605589605,0.568201611325886
"566",1.4772515155776,0.569561853701322,2.28139027674027,-0.239800729707759
"567",-0.606861213869975,-0.852714651083001,-0.175526259284806,1.80293748726084
"568",-1.53825468814846,-0.700947712057673,-1.35160423270128,0.116818089332133
"569",-1.42918159752027,-1.34202693686657,-0.0244215614468424,-0.768442562891037
"570",0.504220498896231,0.421240138773876,0.891460493731767,0.240251149641271
"571",0.1990715098065,1.32551223952005,-0.913958595244282,0.458283756649943
"572",0.625279728126649,-0.142797524114802,0.332658891914756,-1.55618014091637
"573",0.588904045223223,-0.54058409321357,0.40494516148133,-0.928141167109681
"574",-0.522362205202061,0.661267055465547,1.68420820220056,-0.181318147856387
"575",-1.57324941504244,-2.1551234974644,-2.52822859871466,-2.07014766511095
"576",-0.388190662051052,-1.813277977574,-0.691864211025268,0.427008324070628
"577",1.33453583552997,-0.877573736826034,-0.377083888864322,0.0558422394830915
"578",-0.343056741136734,0.860469361645946,-0.481416178514842,-0.638487033210009
"579",0.267990901203085,1.85768720413963,0.0364743261755403,0.109727574506884
"580",-1.37913741459694,-0.793842691609514,0.0688727271402032,-0.207808772661188
"581",0.260170341021654,-0.739961625824913,-1.64858766250603,-0.133492825398284
"582",-0.490961351969389,-0.20857604425552,0.92523379860326,-0.520817952944408
"583",0.804682134348006,-0.286543509402756,0.374845199749754,1.24921741523803
"584",0.37285776902053,-0.0974409813060122,0.520019585891145,-0.61793265397674
"585",1.00367046803717,-0.421131113291593,-0.729638217677202,1.24262417452713
"586",0.493855300020579,0.272631020990026,0.196170014655937,-0.214772190395152
"587",-0.433723431218271,-0.465266088487221,0.549282536240239,-0.86253781458537
"588",0.513438940195864,-1.13129099583892,0.490458206069108,0.282474671084581
"589",-0.825923303376271,-0.822906833779949,0.0803748228974914,0.99435307045756
"590",-1.4362763754733,-0.473127836121573,-1.19270405314578,-0.586700322805985
"591",-0.364353399259726,-0.4572898140981,-1.10073807255331,-0.398149975083304
"592",-0.613631834005647,1.031317976313,0.998415372282278,1.1595096342229
"593",0.481523789041347,-0.700346895171804,-0.793925934896114,-0.384893572965654
"594",-1.39077131089621,-0.404106573757335,-0.430947026356515,0.23298820876058
"595",0.858946042025058,1.43282389520216,0.380437748824458,0.272909530728174
"596",-0.576336966545103,0.023467847315899,0.440967613085675,-0.392179124187844
"597",-0.92848537077151,0.338264960481942,0.667652379516563,0.142855754410878
"598",0.724102999069121,1.3296163125251,0.272026687060104,-0.339795334615771
"599",0.351715641375649,-0.904914038593425,-0.311654559516104,-0.482185004249672
"600",0.417180876399197,-0.623115172592892,0.605365128773667,0.669181832342862
"601",-2.23872313066395,0.224347224216059,1.10501071558052,-0.528665313687411
"602",-1.3277398542524,0.633507120873533,1.36979276723664,-1.42105924979106
"603",0.67259576042147,1.06165846572695,-0.647971392280959,0.809741881932955
"604",0.252591350911992,-1.537838734857,-0.456726948967314,-1.51239568406482
"605",-0.402658692590309,0.970235354123675,-0.112774778085926,-0.48702840718717
"606",0.0744084817842665,0.218884358967838,2.05492342788344,1.2411835146516
"607",0.130557342341479,-0.837917712635774,0.185155582610236,1.03444972759904
"608",1.71176732047162,-0.0575345671525364,0.481247571273811,-0.118912622132248
"609",-1.04822657438253,-0.928543476698817,0.851443374280035,0.0156557392193806
"610",0.536308310404047,1.08299316776574,-1.19256879553539,-1.70046581918802
"611",-0.650855750209793,-0.237244228083349,0.534872979491648,0.156643146936494
"612",0.919806986227885,-0.327279101554234,-0.471689519115701,-1.75970142908057
"613",-0.081687427153731,-0.417582012064848,-1.02369935706271,-1.81049286548381
"614",1.00274826329242,0.245822941563138,-0.0232165426755017,1.32560215992475
"615",1.0705771035959,-0.128669900567232,0.0218280827337194,2.25435567979972
"616",-0.466421651119224,-0.467476685003451,0.427813425731827,0.949095654595147
"617",1.22043731890466,0.616295576338189,-0.0106925638480596,1.94089477348132
"618",-0.189794388543331,-0.122323589912254,0.796543798428739,0.304506774545429
"619",-0.750613911854258,-0.75378246740243,0.630042743960285,-1.46625318558557
"620",-0.306593007847783,-1.14738376899117,0.881293183474124,-1.62800806021321
"621",1.31680281114577,-0.214343140057521,0.291078242938459,-0.536397917857467
"622",-0.909154660979289,0.254438311857147,1.16267035639964,0.32161256158519
"623",-0.107240212781258,0.230786762441193,-1.50605957765963,0.735422174458449
"624",1.05140752966929,3.26953657512804,0.325986981719524,0.511308648199326
"625",0.744803172429219,0.0337535216280869,-0.580669811443565,0.846529604221522
"626",-0.867522005875945,0.407134179147316,0.692010180870892,0.750824594782073
"627",-1.31410641130523,0.695380736751745,0.0598760735990377,1.2131137424121
"628",-1.5673953558495,-0.197240825513402,-0.0109090382722665,-1.87132477858097
"629",-1.96875534007416,2.07967700973914,-0.146847853582471,-2.51479963222049
"630",-0.697259061649294,1.81520498164808,-0.138188908422182,1.22637842691406
"631",-1.86721294396634,-1.64761670488656,-0.523458123957378,1.54987756915028
"632",-1.65868348853162,2.18467971304472,-0.33423927482811,-1.20741306478353
"633",-0.934388677095482,-0.211557823897388,1.2197489655421,0.709899829470838
"634",0.535495614963677,-1.28241968535411,0.664217178783726,-0.781882176410268
"635",0.67289137939553,-1.26636784737265,0.773909904625069,-0.297209232230367
"636",-0.0694112793736357,0.804168822565653,2.72815129156476,0.666821886992833
"637",0.0893319052700427,0.670112261088707,1.5567116901102,1.63371986594154
"638",0.564520381024346,-2.02989444889353,0.422504365101635,0.884727539134447
"639",-0.389820581644696,-0.546215970640532,-1.62269954646483,1.35592720591109
"640",0.0846822789794248,0.448660951557079,1.92716515665218,-1.65696361300026
"641",-0.38604266100939,-0.131426434049774,-1.18410754375787,1.4812720358418
"642",-1.93715632409993,0.134459891612999,-1.47690534403426,-0.640823792917647
"643",-1.49938425493119,-1.01846847298147,-0.882984388968413,0.791720794960514
"644",-0.707005710564052,0.395937663243742,-1.15428100872221,2.15599455252372
"645",0.630583517641129,2.56661472072009,-0.356317798423115,-0.938106224417421
"646",-1.29785726725927,-0.375987945023202,0.0732379793236322,0.519731152783688
"647",0.0177023032904043,-0.0926878725793614,0.651992761183974,0.866785933154018
"648",0.0500657675675171,2.20227984913909,-2.09580580855392,0.515972515633696
"649",-0.790149020891584,0.988160510276254,0.140682339934292,1.13984783233483
"650",-0.378456113312918,-0.324749578798789,1.27912290200911,0.729561048251913
"651",-0.320600941632931,0.0447589079799045,0.0929707426767345,-0.520165832732735
"652",0.019139067017337,2.33048550264775,-1.47120099006415,1.23534453443838
"653",0.981570919930699,1.57598085726637,1.47181394762843,-1.55996531209828
"654",-0.839226360246944,-0.510542551036217,-0.0891836242514586,-0.316748516607546
"655",0.224426749900513,-0.880913209170008,-1.40557416538211,0.875787015481582
"656",0.284414810686251,-0.138166276491586,0.474834963709248,-0.153186860061555
"657",-1.35677293245454,0.678312626208054,2.46285166576862,0.0806915102017409
"658",-0.0884908240082275,-0.166603054056772,-0.254395849350561,-1.32848413982124
"659",-1.41502829388666,-0.747466132076604,-0.248684606720045,-1.01786463602427
"660",1.67314335610159,-0.648715535838144,0.277039629169159,2.17604696803676
"661",-0.691646854258206,-2.50044286858111,-0.752566202488667,0.419964034856053
"662",0.0412057638974791,0.959620684410597,0.33971112335796,-0.33842241838004
"663",0.674078432552745,0.300332557568748,0.0937922070032139,0.346561633875521
"664",-0.297283164331588,-1.10255314828024,2.36883584690578,1.08969102412841
"665",-1.03753268044888,-0.874716167854179,0.00216551625687894,-2.03853913401043
"666",-0.979335724196641,0.504470139750244,-0.993645757937488,-1.19723940522198
"667",-0.669314089006133,0.292300716989701,0.46939621652998,1.87515945375128
"668",0.536089343426913,-0.0596108048460859,-1.43484079981532,-0.182935973967708
"669",0.937643185722145,-2.04919741335399,0.515810459873758,0.0532869641241331
"670",-0.0191782863424281,0.822173900769045,-0.139370920369385,-0.0398035407780959
"671",0.585409851674994,-0.568942733610934,-0.529569781427813,0.738422365378335
"672",0.913106248926537,-0.725777566654044,-0.460621915387769,-0.748695792068782
"673",-0.921840780195272,0.638168959852683,1.9916920054818,-0.616793200967611
"674",0.0814575326904266,0.377351883852189,-1.6747066103761,1.55474642398903
"675",1.00717271161055,0.674959005289733,-1.64641080715904,-0.231649877043076
"676",0.304032955020156,-1.33860442544438,0.294118643365596,-0.404602070534831
"677",-0.876570854785402,1.48939586500133,0.532525506134716,-0.198802852206894
"678",0.329408708341455,1.43813287878853,0.787771686896814,2.22452021335729
"679",-0.723474686588439,-0.18310442130162,-0.929333123067487,-0.0251654664172337
"680",-0.886807185275921,0.769831286646011,0.998140624937028,1.06552279243581
"681",1.40174067094648,-0.795332651176856,0.619706785372715,-0.918480152837097
"682",3.02956207141577,1.33839003003415,-0.149254887025108,0.570574326553864
"683",-1.6056788816926,0.270233889097752,1.95941671810686,-0.180238007720422
"684",1.01957093744454,-0.429501832094119,1.08921197096476,-0.429286667986988
"685",1.90390638043615,-0.374043793466078,-2.16958163375115,0.582648349023523
"686",0.767740501757466,1.79648483121361,-0.307724280552308,0.66504697795154
"687",0.122526498606135,0.779187005336717,0.726181170591391,1.37610266045397
"688",0.228169766874234,-0.885090605887375,-0.313005381031526,1.46557145768926
"689",-1.32475844572027,0.215309985801599,1.10994661245805,0.086006300711918
"690",0.33750801155569,-0.700328471632938,-0.1055643856268,-0.765879425872703
"691",-1.36215246692992,0.565753191875372,-2.17611227055725,-1.85753569307842
"692",-0.895365243576886,-0.504867664176454,-0.703604750455657,-0.755357113141111
"693",-0.234711417886032,0.222906032510635,-1.9031278874016,-0.168503366670067
"694",0.00271933090092942,-0.241127520823265,0.130525124571123,-0.583424870108143
"695",0.473681781866312,0.135185051714549,0.407293042467814,-0.621395884882412
"696",2.05581823231356,2.9828331961186,1.59249637723547,-0.214436006437343
"697",0.862448755168281,0.0148024779143794,1.07647595727137,-1.99763771947445
"698",-0.59927181075059,1.23419524181387,2.4429353199918,-0.127545726784058
"699",-0.476293691671865,-0.725152019977839,0.0841059832578822,0.224533778919079
"700",0.506419234240983,-0.973039163653103,2.31592003925669,-2.03619019621365
"701",1.36928172190595,-1.31034468773114,1.16834681515786,-0.360754652777664
"702",2.13088800997485,0.518271871735285,1.47934999553497,0.624137808762218
"703",-0.70289916507907,0.262115408899738,-1.26955829012704,1.0198889678727
"704",-1.40667510941334,-1.84805557093716,-0.0112380592399208,0.305382198609825
"705",0.381425052260636,0.650837118687025,0.607276312172217,-0.647471410442882
"706",0.40756054815767,-0.586753857622617,1.37048595187536,1.20388193373965
"707",-0.225653320300543,0.315883248699428,0.786666680887231,-1.84313335753534
"708",-1.13840615825071,-0.62348471614725,-0.138086232035678,0.0918365120326283
"709",0.688915743621135,0.878692501375273,1.47166300472,-1.5419752849316
"710",0.854293031617375,1.06052721947537,0.313133016554083,0.251251947202661
"711",-0.123638170223047,-1.43285607646929,-0.234066902915401,1.06920723440711
"712",-0.371203272312733,1.66961321502857,0.0849160788546045,0.736392499659419
"713",0.74718617889619,-0.865101732937771,-0.13974109866516,0.0134054751249013
"714",0.688719974063973,-0.489141189938277,-0.188955776522669,0.399517952632118
"715",0.389836096473873,-0.108552567974911,0.172345424548647,1.21700837341238
"716",0.831764278470187,0.970326573449403,-0.436407543314546,-1.22384599425958
"717",-0.0410501477813641,1.51828352637886,-0.916265138799926,2.13549700846248
"718",1.18028402480132,1.00037327118356,2.23103971001613,0.872421120864238
"719",-0.0309888904520925,-0.418421827392864,-0.67456761600117,-1.23048337601304
"720",0.886738148801643,2.38872284624598,1.16019393184524,0.203682018503697
"721",-1.20623416594334,-1.1430747699557,-0.967895027867317,0.55448712799043
"722",0.229792504908322,0.451754983171042,-0.0791618433884701,1.32619988530084
"723",0.124021276614447,-0.147913855610086,0.227501160415517,0.42175151541052
"724",1.06501594070788,0.124294475526442,-0.0657206416740796,-0.748940555979292
"725",1.09672332710573,0.441459408911912,0.763757222578708,-0.687073157480524
"726",1.17726987416409,1.1978828528875,-0.71138295989955,1.07983162941442
"727",0.477759412393728,0.889247363980233,0.441105022014431,-0.393490436431249
"728",0.0152091375486631,0.109406853654734,-0.00191152532479738,-1.00722426542688
"729",0.0207577862264143,-0.363293741982648,-1.24224994923799,0.742284509968233
"730",-0.0186589078265607,-0.561297372148744,-0.983793984913346,-0.16731867109475
"731",0.182395076275167,-1.32160182337304,-0.239456435651099,-0.348644340971915
"732",-0.612245447592562,-1.51485022938083,0.927409504897664,1.26192841712058
"733",-0.79845711915082,1.18352606146976,-0.166327630895988,-0.0152349375361138
"734",-0.457315030592493,-2.08763162845507,1.06692640887798,-1.14266483455896
"735",0.915053614902221,-0.089358530164241,1.38313450725566,-1.29854469135171
"736",0.564168969812734,-0.649582420150437,0.782531904075785,0.322238849795112
"737",-1.95724898838107,0.128633448752015,0.807989821568689,-0.0792106541519925
"738",2.25424273287916,0.859850309535442,-0.872071600797964,1.05069865583761
"739",-0.028325734964597,0.482913388602634,-0.0870390155364789,0.944814748748934
"740",-0.502145591264899,0.952292928629397,0.675956957247883,-1.15978945570348
"741",1.45330436146134,-0.746383179740971,1.66223608024334,-1.14090625962114
"742",-2.22894611439234,0.314726559761901,-0.898258407794231,-0.61287632055602
"743",0.134983238025358,-1.11075869847109,1.46893768229281,0.0447408528842282
"744",0.15895504683516,0.958200840852429,0.112142620736145,0.676607768709156
"745",-1.73822460610747,-1.07410009093764,0.556016792808624,1.12311227812921
"746",0.806508436035064,0.491243509804873,1.40523595945121,-0.258448048128746
"747",-1.00229883770335,-2.16798047108354,-0.863827645188686,1.08884450790116
"748",-0.130389148018436,0.208439412593882,0.509271251326964,-0.700005772062025
"749",-0.33746208282814,-0.426044175051468,-0.168125881691891,0.510497181402226
"750",1.95630494197692,-1.22572383168273,-1.5998145498318,-1.1430634898064
"751",-0.491518481598266,0.770075754855023,0.148044344562594,1.02427088003881
"752",-1.46578673629666,-0.14783772639007,0.0681193702675167,-0.219000772943513
"753",2.64421254970274,-0.643198756343354,-0.597939355333315,0.201971265322757
"754",-1.91831738949053,-0.47318356663968,1.1894877209418,-0.72307468845459
"755",0.373065641684141,1.32739414933356,0.250014901448448,0.364133796471479
"756",-0.0908276571798829,-1.28398702447014,1.41050379199696,-0.177081797762441
"757",-0.642168458510621,-0.272907887779819,-1.90956283053366,-1.57076142910098
"758",1.36214378589299,-1.13252980950023,1.6778356585352,-0.984038220527545
"759",0.730135981100363,1.49066364997902,-0.140574925541058,1.4907415493302
"760",-0.58734594990156,0.0406101749878062,-2.24521344608272,0.323685844938291
"761",-0.527648145885809,0.954993281548619,0.692529650046582,0.151187685026091
"762",-0.969507073597136,-3.68352882717389,-0.768391039466338,-0.343491676316799
"763",0.433181354058145,0.565622301373548,-0.399757559373216,0.50538293379455
"764",-1.153170604818,-0.876773900095882,0.516665721413096,-0.911579776571491
"765",2.35102718310518,-1.4057078701801,0.151343751063216,-1.32887174063217
"766",0.110428224252343,-1.82183976476349,-1.08623684515753,0.789774422202292
"767",0.722315936305535,-0.411641260727163,-0.572436481966549,0.457475093032396
"768",-0.511641365418118,-0.0509338735023206,-0.618426732184034,0.119702147667998
"769",-1.18931093477109,0.308138320522187,-0.928475620722752,-1.92462342715831
"770",-0.854284643967533,-1.04597143084879,-0.190935714777095,-0.409404769232468
"771",1.62183771905408,-0.780613154053055,-0.252766271863421,0.503930967893942
"772",-0.134024307082604,0.417463542950565,0.665026306580767,1.18511384267789
"773",-1.11896649250064,0.785897478068332,0.526299707868363,0.980655351632179
"774",0.295751533654031,0.135348975663139,-0.558257363975414,-1.70177609154607
"775",1.19910525086037,1.7935271529213,0.593109723904361,-0.220284169106247
"776",0.704110015362906,0.545160098737164,-0.193253395230331,-1.01082773896902
"777",3.02008082016479,0.636074869360256,0.726637048965822,0.786109006000974
"778",-1.35451076797422,0.757114230140579,1.88817778935028,0.012541972392312
"779",-1.25343410508197,0.164280367318781,-1.16683007345722,-1.11612979286549
"780",1.16075274835187,1.04013626518457,-1.42300472152394,-0.777239766056747
"781",0.589481062703654,-0.24320531313194,2.32796168502718,1.00397654225257
"782",-0.785057363748743,-0.190117105108454,0.283242971565884,0.104806837812209
"783",-0.658834720050007,-2.36761627108982,-0.941927751717322,-1.1156602506165
"784",-1.06640925071032,-1.17841625270117,0.0244223010969297,-0.0858314475818582
"785",-0.667778887055197,-0.672970128823655,1.82442740927276,0.308120150227006
"786",0.596670177646492,-0.345336265621235,1.73162953208516,-1.20744801976514
"787",-0.708839109410442,-0.966864966479242,0.22758763454363,0.0307948854274717
"788",-0.294198841806456,1.39733538990642,0.223131607405564,0.438225528580002
"789",-0.16704957664657,0.212029243187656,-1.49027022146593,-0.597980773418531
"790",-2.06944040296902,0.243463632222264,0.708901731779402,0.644530624834635
"791",-1.70600566346765,-1.75579270683743,-0.45841662475864,-1.1191688339699
"792",0.455157211818489,-0.475570003363945,0.475638297398055,-0.326955691664965
"793",-1.32082503115554,0.892285156645522,-1.92142570558838,1.17620053586584
"794",1.26076037304444,0.648579264408982,0.785887649736285,-0.507537089218055
"795",-1.13840184627501,-0.0570564668097122,0.194020817762157,0.807965851801428
"796",-0.442539006679033,-1.57472801840461,0.406856603061183,0.947658707507246
"797",-0.380856740665998,1.93853457268565,0.323995482212153,1.29959224641983
"798",0.964255099900342,1.07117766621376,-0.485856321808783,0.725319933709164
"799",0.682631696355429,-2.50331920335432,0.800380449424233,-0.722827644892762
"800",0.765390448055847,-0.383402541202588,1.3232773261867,-0.223542003951972
"801",1.29309026048552,0.103455115218015,0.954758025010367,-0.975853333964498
"802",-0.829668786625986,-0.0975989709354485,1.34301065925422,0.238075182883035
"803",-0.321769500475537,0.829530467826997,-0.970711747375166,-0.435068451013042
"804",-2.28450597846586,-1.1251598245326,0.156696691938319,0.46012218661085
"805",0.105222466716181,-2.74436339886149,-1.25636317773089,0.241817055989468
"806",-0.193415870262597,-1.34138306856879,0.256546140634818,0.364505430616997
"807",-1.02689389946253,0.10197731905247,1.02399806153115,0.621746891135564
"808",-1.09690688286748,-0.107033241114026,-0.952466332637346,-0.894576551609913
"809",0.110511837769789,-0.456042684225709,0.508954144036059,1.38304003731253
"810",-1.31595815562236,-0.0447534571130488,-1.27611908303726,-0.117180283573578
"811",-0.500179843474641,-0.387255985540685,1.63233703619872,0.727383038871853
"812",-0.937294528221974,0.776683353405551,-1.40374546838101,0.0594410720746147
"813",-0.902088350288144,-0.960203543075488,-0.101109135332756,0.0467227551439521
"814",0.0410045310296662,1.06343627083085,-0.303403246475532,-0.333296877158522
"815",0.940834162469907,0.159689257308855,-0.278149072410852,0.562203616210505
"816",0.39181697632654,0.216806285729751,-1.45487253111118,-0.309879641041447
"817",1.3513660389297,-0.246209893252354,-0.687312843281091,-0.927919698309218
"818",1.31685875661202,-0.96793122229843,0.511209837040602,1.19519499475655
"819",1.30407461847457,-0.997684359809609,-0.156482251615101,-0.569481680135368
"820",0.412727975739827,-0.631556885342625,-0.0378391150364413,1.53637335398907
"821",-1.12860049212763,0.0995749957342687,0.647718807793402,-1.69634260346648
"822",0.62132606461726,-0.114990419350484,-1.03618246837291,-0.0873436044858302
"823",-0.56478612764113,1.40719199707609,0.860085060361084,1.61763437945184
"824",0.543813576525973,1.46783483693694,1.61248592434431,-0.20329401547146
"825",0.119623821069664,-0.311151387408835,0.483761981908594,0.481713366675152
"826",-0.402498660327831,-0.699644729312127,-1.06719280160726,0.633175524624883
"827",0.536705333129654,-0.201172165896728,0.535553554199541,1.57304904495086
"828",1.59135456816515,-2.17664636054987,0.775396604387512,0.45927468705586
"829",0.371732070633832,0.0749161836583991,-1.84793039916646,-0.962133904013492
"830",0.764056921361048,-1.18856906709505,1.90200861774301,-0.109449013299256
"831",1.19370516279664,-0.713984239773875,-0.0937336943381269,-1.14493592206179
"832",-1.25610743965494,0.678282986042406,-0.239611662615435,1.23484860983844
"833",-0.744269055688791,-0.595804424815185,-0.59966971310001,-0.322654684219573
"834",-0.235392141395216,-1.24881068949419,-0.625379225750699,-0.330070780068321
"835",0.177097654198949,0.646540553599231,0.694276051518389,-1.10750713142617
"836",-0.362614065031725,0.919864769567096,1.36760638564393,1.04600840944859
"837",-1.24996821668699,1.2628632236129,-1.03818627673477,0.851935253875068
"838",0.757673098773078,-0.787805193258273,1.31314170532385,1.36411173654539
"839",0.246169421071689,0.702192616745791,0.988262586626333,-0.360476211278023
"840",1.17311426166489,0.978725183455295,-0.00133230482173319,0.842275307316774
"841",-0.89640543870072,-1.26852084764449,0.534305499062819,-1.5987621738315
"842",-2.14081398047575,0.590712776939987,1.42395183137393,1.17292098728974
"843",0.528667037491906,-0.828308317921181,0.299899136656605,1.64911588576674
"844",-0.0467164068137268,-0.0772897199651373,2.15577369371511,0.27002506723987
"845",-0.958540832189725,-0.318020883865086,-0.317844165682574,0.384138747876998
"846",-1.39615561637678,0.206400701420917,0.483327292698313,0.180235188429637
"847",1.66918256673625,-0.574293354554759,0.701150824738261,1.06004426132181
"848",0.674105060790439,1.1566604004734,-0.201273908477856,-0.566474737164319
"849",0.448495016529645,0.0190611469040906,-0.375801191796736,1.37988943927587
"850",0.79914707970664,-0.102678248916346,0.448698738802491,-2.0875340904991
"851",-0.810090260289385,0.937478635813739,2.35914752065985,1.03294702181253
"852",0.132776740158237,0.112231775740311,0.863972701651791,-0.484563333193163
"853",-0.0287347858778493,0.359217119923884,-0.367778608835275,1.75759594541848
"854",0.0593516992074615,0.587693752182061,0.609884043756115,0.273957948588861
"855",-0.828059088180101,-0.0951213172334074,0.575998398087433,0.919043408964506
"856",0.449473752641603,-0.145288724272069,-0.234887288643746,0.825440743180159
"857",0.113899745378615,-0.820294626914189,-0.921519886080212,1.54618638887422
"858",-1.76906254927689,-1.15955201840707,-1.81933981718275,-0.256252398388137
"859",-0.452814480845052,-0.715395540396679,1.61050227154125,-0.251582596069517
"860",1.11169952990659,0.0496626359831478,0.46031757849585,0.256890952172664
"861",0.154852083281516,-0.361139576838848,2.40251086008854,-0.0271148834037924
"862",-1.28305479250573,-0.693175013081424,-2.04029116207432,0.370019479764929
"863",1.93627348841852,0.392985321199352,1.7635141163339,-0.486814719346981
"864",-0.342978595438912,1.28595342024222,0.852358344152359,0.669560090734566
"865",0.498660434257469,0.635329863779485,-0.344634260093449,-1.60417979738914
"866",0.714051845749686,0.353146410645277,-0.979025775657528,-0.225469017794623
"867",0.632766221487096,-1.83718403915937,1.34999318092283,0.714659604093278
"868",1.20586169648174,-0.13277675133864,-1.91142271038455,-1.62963368555377
"869",-0.648808439801683,0.632880726896818,-0.322707091344735,0.133806159712025
"870",0.340949615788069,0.179165252096147,-1.21990070957475,0.126362342141552
"871",0.189342026237088,-1.02011920165039,0.793411959249581,-0.337149962835218
"872",-0.450087002015771,0.315518251709631,2.19254459539373,2.15501153200851
"873",-0.115188534330847,-1.49722385706646,-0.426148156497063,-0.298459194657226
"874",0.431320487040848,2.16162998132951,0.576671329246285,0.905288271496794
"875",2.14432941789144,2.30493150664867,-1.4311345814249,-0.748391879103023
"876",-0.702871527952723,0.300689130330317,0.921672552098704,-0.22850538677899
"877",-0.413488216533426,-0.208244237311889,-1.15485054607605,0.508815456901728
"878",0.00375687358945016,-0.510744055288738,-1.14721650741431,0.319394334120936
"879",-0.952091944560591,-0.116139076375207,1.52595634586052,0.824865758764311
"880",0.949214536383104,-0.829690836030609,0.946491108276181,-1.42797851107952
"881",0.229054426787547,0.230731507951643,-0.916545062715592,0.471082652296749
"882",-0.633075771125655,0.747172272116512,1.32875967803654,-1.33704500630632
"883",-0.9237939299205,0.154333921866664,-0.527615953759168,-0.621742349334431
"884",0.16911598684836,-0.297857993026864,-1.54155573626291,-0.113296097461856
"885",0.459497051099695,1.01493265075398,0.846069067292058,-0.602293566767697
"886",-0.620027235363198,0.830656852724285,-1.05447502344375,-1.6248576551225
"887",1.29043534741766,-0.108114649112683,-0.506626855854057,-0.919939346609048
"888",0.398396352768752,0.588165355873852,-0.977866874368497,-2.92289249371972
"889",1.02167059783952,0.614410493153208,-1.94861127819851,-1.02020274916881
"890",-1.38374740405793,0.0760001729409927,0.752127208039214,-0.00154595408845244
"891",-1.38723510874041,0.718738147952041,0.111748222652261,1.20496663146634
"892",-0.399336250199209,-0.264240926182078,-0.202121741831747,0.178544145663039
"893",1.30263025949321,1.80804082519598,1.1620279533138,-0.677129218391429
"894",-0.0217347157029324,1.42382139907687,-1.53814869013567,-0.438771265070972
"895",-1.02084951002364,0.826853578855171,-1.37032268238447,-1.16372328759196
"896",0.508213920003826,-0.431876501263374,-0.320213694626793,-0.193377886724473
"897",0.87005975858185,-0.27126558782606,-2.54948340531807,0.351383008174768
"898",2.30319340582664,0.821346520070462,-0.990066856172352,0.0325201280870754
"899",0.89391834075428,-1.01675914312999,1.10511674153073,-0.851736093738236
"900",-1.09927636793181,1.65734022675844,-0.109820892041222,-0.0283545318718706
"901",-0.705880015456206,1.62627230205232,-0.679189616119963,-0.264209153004096
"902",0.189291568596596,-0.119181525171739,0.638254141631758,-0.66054978268032
"903",1.16068297891163,-0.47009594145012,1.30609700124323,-0.0460959339983567
"904",-2.38836766046898,1.05750124394964,-1.02108530375159,-2.33992217734582
"905",-0.810124941762236,-2.17962302755679,0.327665793023009,0.505201609594895
"906",2.46546708067465,-0.129267488266641,0.233095659010853,0.837078492088459
"907",0.63847338804595,-2.06574730250085,-1.07593690099994,0.694865241740513
"908",1.70452505871435,0.697506650672916,1.01500272713989,-0.209605474505497
"909",0.704119908271541,-0.646671245276945,-0.479355230399087,0.633061947112107
"910",0.864043356116175,0.627124207391824,0.381485959547763,-0.495900131505885
"911",-0.29947047731042,0.31794907848,-0.45965820406217,-0.733176393421793
"912",0.0468198524824167,1.80108044092312,-0.453664537317208,-0.932485411159763
"913",-0.123616195080161,-0.056682259164862,0.611362496352525,-1.18226572020163
"914",2.28627807626418,0.346735938329399,0.0179556712083072,0.488255364565681
"915",-2.77627419986293,-1.65276060242332,-0.412915329408252,0.0241669744065378
"916",-1.4233007932163,-1.4157454376252,-0.113713900963375,0.174802614078096
"917",0.0581598099102665,-1.17593056096197,1.44734106729032,-1.85918608114004
"918",2.04892199443603,-0.461130202366261,-1.87558006159597,-0.256316425475575
"919",1.53387649976279,0.318545690188417,0.696338876766973,0.640642915624185
"920",0.636181251456791,-0.294086173030166,-0.108054985727034,-0.605725169899034
"921",0.998704436292363,-0.423353059090186,-0.809011050791206,-0.275131778807499
"922",0.623324629755337,-0.135382002485631,-0.692339376312292,-1.22134382870209
"923",-0.631425934394353,-0.265030891142256,0.514548183692621,-1.38002166980214
"924",0.490446555924028,-1.8613072170534,-0.888877727420679,-0.987207110078098
"925",-1.71586628684878,0.260780373392767,0.690028707061431,0.658436288312818
"926",1.00569823559177,-1.43837416090729,1.75052103080279,0.33908532802733
"927",-1.3110602064649,1.33763110605153,0.630785175766275,-0.724106829943028
"928",-0.221698600890721,0.601631156544427,0.555086731646042,-1.92767880315604
"929",0.298200962984148,-2.3937106408725,1.23984041214664,-0.85266934676519
"930",0.206290311059735,-0.294043817977722,0.697060532419345,1.17087545174389
"931",-1.89159860035069,-0.952774347233432,0.751708675980631,0.243758621147343
"932",-1.77198723967921,0.419684707545864,-0.802867860042669,-0.374073703752561
"933",0.199789155676503,-1.94068499319306,0.502668470456214,1.03152710242321
"934",0.195805278104261,-1.2226090826611,1.67370298142296,-1.35137696926691
"935",0.589897215113975,1.52945793812183,-0.050956940197358,0.528406233433799
"936",0.424054616758099,0.889007876130647,0.0861400255223185,1.8287543112313
"937",-0.9290248328103,0.695035811159371,-1.19667050554219,0.482482929460823
"938",-0.0083058124669786,-0.473744591300641,0.050156750101073,-0.649710184042338
"939",-0.421171581540232,-0.775738506946051,0.433637621618707,-0.603081686685227
"940",1.05980748829496,0.262039117191275,-0.530188850171981,0.0135146543237473
"941",-0.390841783736755,0.197376612739272,-0.106767730519597,1.27143642993346
"942",-0.491395168965662,-1.81535180996468,0.115752779206835,-0.982429283626113
"943",0.563628164294553,0.0306362010179344,-1.01409899301627,-0.966801857897173
"944",0.21334377286614,1.34491877460146,-0.493706108828709,-2.41469777590362
"945",-1.68190808622563,-0.310642601810971,0.952758767488435,-1.18089904824211
"946",1.02580471116523,0.790274798425569,0.112227272587566,0.271750210799734
"947",-0.292719796435525,0.949906485803115,1.03411864840026,-0.787100559957301
"948",0.0849077691157927,1.57884569106531,1.52805803454573,-1.87151031667289
"949",0.543920170169354,0.664109504153194,-0.612506086168642,-0.891846161990734
"950",-0.687237037495768,-0.206541636360872,-0.0736819058224594,1.04394409789817
"951",1.69442215437001,0.642187211028335,1.5096900802991,-0.288385409090927
"952",0.476501638024948,0.959498684530256,0.496476092313907,-0.931065168876397
"953",-1.20549174746825,0.768136214908002,-1.06846217790885,1.18935823219781
"954",-0.578567999849486,-1.64849431941736,0.528429813972159,1.57689427789729
"955",1.10942433601384,-0.408546773036657,-0.264116946031831,-0.212653000685069
"956",1.3281396213071,0.27158078790534,1.12760545349573,-0.104428154983184
"957",-0.695210431569714,0.34220313365954,-0.354107942083188,0.869001397156375
"958",-1.04388886192881,0.523394440763439,0.228454983185441,0.235613070946237
"959",-0.469505153207669,-1.90808561949242,0.290234908375211,-2.58715948147179
"960",-0.661623461958041,1.37938899776917,-0.425531742742234,-1.28390002990073
"961",-0.791596717525522,-0.098681633740444,0.0423357271279046,0.256475034801085
"962",-2.10344086995232,-1.14651515773199,0.399394194023038,-0.202463659051988
"963",-0.16094928763014,0.738622428866526,0.445564323089178,-1.1925331917144
"964",1.12882199938137,1.20789998903555,-0.705572381316191,-0.28819287643681
"965",1.71390892699888,-0.62138374028378,0.617979647212429,-1.29396523410591
"966",0.531299295020572,0.931398355626107,-1.49348428865528,0.468160197880113
"967",-0.445801910642543,0.954335318627757,1.19583970308563,0.618627176492756
"968",0.45057469244577,0.763873991535804,0.96582824527899,-0.630180031679932
"969",0.243798841132722,1.0555381660055,0.593245985811357,-0.420694501688587
"970",1.04621425801405,0.429078238682742,0.126824973594222,0.81153218944708
"971",1.35176789560586,-0.231222375137868,0.0973456441575895,-0.112016422387866
"972",-2.06995958340857,-0.00986262160093358,0.585287307530335,-0.966218938417532
"973",-0.883811201470491,-0.489450641095362,-0.618474054363394,0.557023683498311
"974",-0.538278273732999,1.82505976246956,0.655232307670737,-0.34145602722104
"975",-0.254141675609265,-0.85008619173089,0.680609656340993,-0.570394326965868
"976",0.732279019045757,0.383719870213505,0.357368826882338,-0.342025727085632
"977",1.3619886099412,-1.45721243638562,0.433339312632314,-0.328923919319144
"978",-0.170797178199683,1.81492017229708,0.136903927513352,-0.632059257498959
"979",0.241646306779392,-1.23470237260064,-1.0705630639857,-1.07014803785519
"980",1.02232962111258,-1.15559287382841,-0.604491808042229,1.77696196370928
"981",0.827707445016653,0.890889746833903,-0.518445297622336,-0.610915657196901
"982",-0.0862807428422501,-0.421366026394908,-1.24605740782873,0.0684994765456254
"983",0.834834371024036,0.882148192045882,-0.0506630830513753,-0.0773215145009249
"984",-0.23402057199764,-1.39441643827391,-1.14538698613576,-0.423731504597201
"985",0.202798256127946,0.751795856233829,1.91363268880023,1.13006905485061
"986",0.269476264615114,-1.11810911600465,0.84747303656028,-1.19782672132079
"987",-0.758295035518951,-0.52571660553143,-1.21698303071677,0.532204751097746
"988",-0.447219092767978,0.457779359810876,0.459483032312271,-0.203654883200127
"989",-0.576706533391041,-0.621149397739687,0.465656877325181,0.473637981995232
"990",-1.86567558059791,0.500675566065873,-0.821670167268376,-1.63002492753758
"991",0.163216022663236,-0.992065182835576,-1.73474231367457,-0.305281324763311
"992",1.00982218798667,-1.29692299705419,-0.041222676825025,2.5267177450335
"993",2.40895292386434,-1.1108466997209,0.249220679861641,-2.32457079849507
"994",-0.342841760504048,-1.33626184442408,-0.653176271093701,0.148868748440125
"995",-0.627608294885753,0.276718394577981,1.87358467088148,1.43455107169831
"996",-0.112355339669776,1.0000717156994,-0.395750913753506,-0.00226856248155331
"997",-0.810207087883275,-0.137627077290017,-0.603125839017721,-0.758009522676668
"998",0.0776289904409208,-1.04718251284417,-1.19104889909477,0.258027607470301
"999",0.973286916458999,1.62363143541985,-0.914759948303744,-0.657573123633065
"1000",-0.194107764224796,0.135502943737895,-0.153124616875254,-1.701286212913
