"","v1","v2","v3","v4"
"1",0.25713340015519,1.04600636152507,0.0873714906267644,-0.884122946538683
"2",0.34793740517125,0.754284769471915,0.65564837593532,1.37515245746272
"3",-0.144027827157167,0.52832820388021,0.184573657331728,-1.89223209977852
"4",-0.15217232646463,0.536013019482175,-0.576766887204573,1.86369622328873
"5",0.536412605162653,0.69608081169019,-0.850824609808757,0.687839553031502
"6",0.514593471984732,-2.20517485853172,0.00987724294770247,-0.497176594406865
"7",0.770905755821818,-0.615294048672327,-2.77888838252488,0.485765023277543
"8",1.01137758472501,1.4979354510803,0.832118092055018,0.364457629290552
"9",-0.575205528178769,-0.315693294927891,0.963268849677234,-1.34525819987872
"10",-0.904771719416026,0.452179562512789,-0.282183755545762,0.783430692474116
"11",-1.50721034546612,2.04942700473048,-1.26864431274405,-0.2374402414509
"12",-1.06416922714421,-2.72881263229152,0.845081107961797,0.566010770058781
"13",-0.195630680459477,0.122499387168728,1.29003210223593,-0.368571571213602
"14",0.0173768588939261,0.10666405846156,0.820125450040164,-0.87061299981192
"15",0.19487664004491,-0.913661102643077,-0.479992112948546,0.120166707111187
"16",-0.652126619591277,-0.781638530951786,-0.591369654741254,0.592062979321802
"17",0.206055837002437,0.282338766049624,1.12671416549672,0.815545202979492
"18",-2.13362195201365,1.14775068569431,-0.182054286723195,-0.439095724766031
"19",0.0934664381201303,1.42207609218797,2.35174702916866,1.60876693411664
"20",-0.803197687715381,0.777777056890784,-1.04861187650499,-0.29171420122479
"21",-1.01965724180199,-0.102168386402812,2.07815674607588,0.509681178613469
"22",-0.0347385496042512,0.197735577609421,-1.35440642807387,-1.15613087592513
"23",0.855364883817631,-1.60918730949801,-1.85183253717437,0.421637737451033
"24",0.571535296583304,0.168506491655475,-1.67253514561037,-1.10424978996891
"25",1.06594700193271,1.31540591061983,-0.39345091624204,2.154225941462
"26",-1.21990377714491,-0.164330110204078,-1.06861154566373,1.24064819657846
"27",-0.102033348503037,0.75578346602908,-1.64342780856251,0.93312462398125
"28",1.13898983855571,0.863751487986839,-1.50555350239565,-1.51795806249129
"29",0.700797914936284,-1.85153082201128,0.690122885982293,-1.54774942350295
"30",0.00274952242472255,0.0361990172744555,1.27389435538983,-1.226515451454
"31",-0.37877882582311,0.765342147852396,1.79996045461935,0.920672875450138
"32",-0.628600201971288,-1.07157808572729,-0.881530837383814,-0.982490395775649
"33",0.812458097873164,0.0154467987345145,0.150737819553194,1.83747667848098
"34",-0.968683798140675,0.223334082585344,0.0835005533569766,0.631405498610235
"35",0.600321208140985,0.164667701134989,2.3509167466713,-0.560022731811084
"36",0.843419461365517,2.28560067057629,-0.769270672574138,-1.56951476259263
"37",0.602967429299442,-0.541215532259468,0.528251441961071,0.803938003085854
"38",1.29016917394784,-2.11871698110487,-1.53210856345153,-0.0603618717108947
"39",0.490388781049915,1.10956432130221,-0.0211682362021533,0.392422794083372
"40",0.672944625547351,-2.47625133259738,-0.433875394039209,1.26783225243812
"41",-1.75420992397308,-0.290281362387882,-1.15814935366844,-0.929608588455681
"42",-0.151813496965143,-0.0783184646336048,0.559875913915214,-1.74560668581049
"43",-1.54871144461086,-0.984689852170667,-1.43248181178089,-1.93244420980697
"44",2.45169654465606,-1.02482830391096,-1.33589936315835,0.0308840558937553
"45",-0.214490028561319,-0.535917013577191,-1.10331883868411,-0.805063087297041
"46",1.95813166565393,-0.0512301990161237,-0.391534684838819,-0.538210777566403
"47",0.0353478074529392,-0.748485129559603,-0.0070656329201655,0.643328151302366
"48",-0.092750531786552,-0.617244509453288,0.86128638232596,1.54932878069695
"49",1.1680210119607,1.45033087356299,-1.12281169515508,0.493313866759435
"50",-1.04788498401403,-0.366112125550825,-0.387181569814975,1.91288873894702
"51",1.23725906207628,-0.777803265386363,-1.01688736176214,0.273024429464563
"52",0.505466750230361,-2.65579550354061,1.86527299184636,0.5398819907219
"53",0.720422483695066,-0.431933260444608,-1.09471661169456,0.74047575719301
"54",2.34775956787671,0.541592239945487,-1.78843618806065,-1.33979526858182
"55",-1.26345329900093,-0.124844563485082,1.25723898452266,-0.71814985602891
"56",0.504204496687236,0.326433848153545,1.47216365356463,1.572144802066
"57",-1.13282025176666,0.0452430677227831,0.308741301753968,-0.708378716176232
"58",1.84537283909632,0.932021940128691,0.886870141553064,-0.115403297103898
"59",-1.44694351209256,0.570192447560986,-0.312247645370248,1.43238782075961
"60",1.43765742421631,-1.7290601571233,0.502787900393986,-0.67701688715694
"61",0.436997219576061,0.606151940364068,0.666953655683953,-0.25382153519731
"62",-1.86685809358049,-0.402686118069469,-0.082051420338008,-0.315939704996731
"63",0.10110768468528,0.612447997246179,-0.0127721051223692,1.31256111961499
"64",0.629376587082001,0.566315702639895,-2.58925740601065,0.782897693267854
"65",-1.84294678446434,-0.506034676363264,0.467518633904724,-0.951480860517246
"66",0.840985272848866,-1.28294202762916,-0.841786560082519,-0.280754133951982
"67",0.93190842510216,0.776351498322393,-0.787269693698043,-1.05317244492902
"68",-1.48108867545102,-0.330703237221068,-1.18211590173268,-0.902576692886927
"69",1.21519113623156,0.863947899100093,-0.486264449453712,-0.95243666509852
"70",0.0967081065835934,-0.118345706038803,-1.08755493060111,0.466129013153528
"71",-0.906135674422329,-0.864715481143037,0.470835796995411,-1.82312418633497
"72",1.29311831430043,0.637368252299761,-2.20073330819728,-1.42973705410105
"73",-0.592205581725604,-0.995173165068683,0.146561113051132,-1.27035917555063
"74",-1.51038476949283,-0.552015625625668,-1.55392200599587,0.102882412480403
"75",0.588691347824684,-1.64197693600653,-0.37096008846726,1.30215635467774
"76",-1.05145104509528,0.00185945104888498,-0.464153752879311,-1.59081348776344
"77",-0.388378065516055,0.517801198276419,0.57255076520534,-0.898260850291248
"78",-0.0805249957552648,1.84650379689603,0.467699922760581,-0.71083317414818
"79",0.263010453495507,-0.808887450529888,0.331957830426524,0.729024685527908
"80",2.17228403913731,-0.940659176718704,-1.51519748705876,-1.27554928062173
"81",0.221528279555418,-0.22857482916299,0.746918304671708,-0.690422628807726
"82",1.16712521666195,0.720220438749284,-1.43419130531381,-0.217910667785544
"83",0.303577825411407,1.63098555937585,-0.293580570875798,-1.4951856807605
"84",-1.40256898935502,-0.561885635057052,0.737806053213807,0.26708084187456
"85",0.132064946325957,-0.10406546701667,-0.453527954183091,-0.865994803808634
"86",-0.00598740389288393,-1.89323553464557,-1.52907430891661,0.44749802017609
"87",-0.719496526698171,-0.436573578978841,-0.650468615242621,1.68975063817909
"88",-1.11970483355961,1.427350968643,-0.636151206893451,0.894794995194945
"89",1.54069966833962,0.228019979094475,-0.822241619999897,-0.338228490576363
"90",-2.60671396478473,-0.40624204760502,-0.579591635793327,2.11268832930804
"91",-0.0596696111069853,0.29394987658185,-0.556984724045362,0.507261644662647
"92",-0.445619803952217,0.245776777945579,-1.05669888066154,-0.615822150812271
"93",-1.48783098637048,0.32437713405681,-1.31169855552004,-0.736004392361753
"94",-1.09689672380184,0.11132528934235,-0.419856282656373,0.499611066678189
"95",0.490920782560047,0.568437777141103,0.503813236476362,-0.603568371729686
"96",-0.0746872429378661,-0.163732289713542,0.0731484905086165,-0.877593186476566
"97",-0.49566305262804,-1.07862273048099,0.197986693447959,-0.0140459375497567
"98",-0.829542643669852,-0.343703166414315,-1.41532131912018,-0.525783081464291
"99",-2.124476073076,0.92530594659937,-0.43374788368883,0.354704954893644
"100",0.084852071248094,0.100448006834569,-0.433526348458075,-0.201009487297938
"101",0.444182074166203,-0.32999229434113,2.3527008220466,0.125007983924044
"102",3.24393845939703,1.53752122128132,-0.838964051737218,-2.01676027967896
"103",0.466023927064588,0.549485404845817,0.60543468690449,-0.148696932139247
"104",0.173122692646869,0.192479408210139,-0.73965127101446,-1.06016445177856
"105",-3.12287825739889e-05,-1.88116420271697,1.21671494823905,-0.0306717040853664
"106",-0.943249507425051,-0.151749836245616,-1.23316625561641,1.02501664201228
"107",0.0513972731100266,-0.414270593525744,1.37948171715281,-0.308212524081343
"108",0.168975849185858,0.0589300877344851,0.823726468702404,-0.311210110118844
"109",-0.522160997662862,3.03993842589496,-0.536534429673474,-0.457764655411805
"110",-0.720085945383051,1.24596760221821,0.487406811784016,0.61506842960701
"111",-0.440235775934424,-0.44625130280972,0.806739058111598,-1.4006821066127
"112",-0.682687320712481,-0.488924164993977,0.41539678468326,0.108582191797956
"113",0.188071473194988,-1.22166198223103,0.574595957896062,-1.05753538465422
"114",0.562328650507826,0.2106618918377,-0.644214152986591,-0.042778264293452
"115",-0.974025488930265,-0.134473006778189,-0.598670489739667,-0.278986825964058
"116",-0.161567753091724,-0.217161240087152,0.908970406804977,0.145893675171436
"117",-0.777668583213609,-1.04331870886361,0.996553676884072,0.121812548648501
"118",0.283773338322714,0.0587312256670284,-1.70227020942547,0.939919063767806
"119",2.28646599234673,0.560147876274048,-0.56794158580316,-1.04544333680842
"120",-1.58293999640739,-0.836442493772385,1.44210560240267,1.34499905493895
"121",-1.92108494394358,3.06261468183547,-0.737461431806083,-0.596546283923774
"122",1.30494559574063,0.893917320269376,0.398079504615265,-0.716363797223268
"123",-0.425862563481961,1.22551260714999,-1.1525196775198,-1.6247550047695
"124",-0.634147352378073,-0.468878567883231,0.341425851879445,-2.19205439859696
"125",-1.68442663164182,0.679953306402991,1.18333713715675,-0.200513945812074
"126",-0.698223062830196,2.08416579504855,0.620018451260929,0.370953806019003
"127",0.595070728225137,1.28256664418771,-0.670082199351278,0.266004733960098
"128",-1.06002850321321,1.24842418592232,0.693511382053078,-0.0223441699213028
"129",0.564937498677322,-0.215243247541416,-1.39452371202338,1.54921724124298
"130",0.344168870509405,1.07404556720423,1.12864847824993,0.607884638362352
"131",-0.139332885064862,0.407156440517621,-1.2851471696042,-0.949402890972755
"132",-1.39437423917541,0.306043541384736,-1.43489699588069,-0.0604122106044966
"133",1.03916872074056,0.24392871481709,0.192624819190084,1.37412967299629
"134",0.321582707414362,-0.272849420516556,0.294733500998632,1.99424562098702
"135",0.281468547663435,0.699414442628219,0.0765406603360288,0.238811919758437
"136",-1.04757860746101,-0.520086750435693,-0.782442985192693,-0.535945005762307
"137",0.149203049236275,0.813858835720951,-1.59495953630365,0.426032459137443
"138",0.184674473514352,-1.29289058183172,-0.853366504277507,-1.09624705955682
"139",-0.178060712276285,0.852422940582298,0.562552707274406,0.33879418606969
"140",0.536601528507845,-0.260822592567185,-0.74753561485877,-0.0780865087779272
"141",1.01162623630843,0.124391461444581,-1.12683224580489,0.0118681365721483
"142",0.186577902163599,-1.13396144073364,0.350735205659046,1.11583152194232
"143",-0.50628575919465,1.49619476940726,-0.473459059406426,0.722556603696128
"144",-0.740714023642327,0.869628169863917,0.498169032929624,-0.377211597655611
"145",0.0779138558522369,-1.19069069718734,-0.815988310778009,-1.55162765430619
"146",0.811705186200644,-0.0221096371586727,-1.27015683820326,0.209926764761658
"147",-0.221268449015299,-1.32503008580683,-0.409263149568731,0.588194865211958
"148",-1.03209612619625,-1.4140975217758,1.74226957197735,0.402692302365195
"149",-0.40288279996102,0.988865689081734,1.09742287978961,-0.585732867463866
"150",0.188133856192787,-0.168012504925412,-0.541217747028259,-0.389312705165613
"151",1.54925716904876,1.16038581898757,-0.453751170400528,1.62604907677326
"152",-1.25258966179321,-0.352554850151767,0.135925487125944,0.10170484275318
"153",1.43948561568184,1.68957006899467,-0.520011613396336,-1.78202857193845
"154",-1.80832466887284,1.39497544533379,1.40170248075143,0.000729021365840338
"155",-1.86177475513611,-0.237649825204628,-0.31348369458435,-0.281356181127593
"156",0.599311918456887,-1.40166754391662,1.76532828975511,-0.852857685094216
"157",-0.75497671418812,0.213108490631301,0.225557680117331,-0.0927659350157234
"158",-2.07025385228132,0.38142454393297,-1.43163229197655,0.948588680565655
"159",0.108945409256515,-1.40309116259346,-1.32188948876788,-0.620910805172274
"160",-0.862126385545868,0.00982072195124293,0.568643192825699,0.704165461875305
"161",0.695082669080097,1.2366306821146,1.73670090062525,0.331297760556304
"162",0.673594799766039,0.56701159639624,0.416409177949187,-0.667059288468038
"163",-1.1514060753472,0.157735079017788,1.98284548224956,-0.573420417637875
"164",0.647370435320365,1.09921234562392,-1.40933181597677,-0.87884852125318
"165",-0.162580590019997,-0.00197192043002154,0.68045779359862,0.158312554263144
"166",0.124507164209252,1.36900169490104,-1.80682934038843,-0.607798458550053
"167",-1.29288406161376,-0.560610365638093,0.885181906489898,-0.0324423492309473
"168",0.0566923802401129,-1.07299326413008,1.19816756215437,0.566728340159621
"169",1.01754699263708,-0.0525176641019204,1.97124634641078,-1.10065130827032
"170",0.28854898722979,-1.56348399388404,-1.00607526759739,0.651473085465968
"171",1.86815673374744,0.29081858206341,0.014788353388386,0.741357589286127
"172",0.269636970267337,-0.623752326331397,0.0949244383058823,-0.128306200704617
"173",-2.21193508001309,-1.00202243715118,1.38916445304422,-1.08860021287508
"174",-1.22324119872892,1.54591337787206,-2.42198842144029,-1.11146471371271
"175",-0.047040370906957,1.20147363535207,-0.64196509194486,1.55518377108273
"176",-0.375691533671658,0.342073362840339,-0.338466256186589,0.0351819204835199
"177",-1.31289591231723,0.911678338512909,-0.303829992585708,0.382028686795993
"178",-0.218688349180009,1.45901892339201,-1.00989989385995,-0.0921839000043132
"179",-0.950637408849043,-1.31702416856049,-0.0759278404684697,-0.255829515573621
"180",0.189969135882882,-1.68622728153572,0.667583871703622,0.530739936123731
"181",0.702741766667782,0.831704424518581,1.43607286097835,0.0683314608535763
"182",0.117284022283571,-0.21805160563443,-0.518336117209124,-0.0377072979627574
"183",1.29485913262716,0.510330028345266,2.73245361666467,-0.875379136302423
"184",-0.67699842929647,0.788203260470172,0.563835165981434,-1.66062048741638
"185",0.451942176324773,0.697403145715564,-0.265566899034636,0.705902286614094
"186",-0.960211394357804,0.129016577026668,1.54301053907029,-2.07270499056336
"187",0.549247165186518,1.97732369556113,0.482653283625594,0.17212598452461
"188",-0.573987001105298,-0.978689642796082,-0.470520588476881,-1.92288105704771
"189",-0.482757820406073,0.204736768355158,-0.303525680781709,0.727787107095107
"190",0.443480397989195,0.184468637981544,-1.2789383464334,1.98063843322631
"191",0.734206424785528,0.305126667166916,1.10919034012885,-1.13110879285363
"192",1.81215503017948,0.221522938411496,1.82722090646508,-0.526395367900892
"193",-0.985464352350918,-0.210532400927571,0.890216422820714,-0.443425189403498
"194",0.764017217961179,-0.0778138814518759,-0.869573634702587,-0.0415996774808571
"195",0.931101322086869,-0.533462542218452,0.420295826132982,-0.613932446181531
"196",0.973632184395581,-0.889882428642204,-0.260220597916335,-0.638796439153993
"197",-0.282139507909149,-0.253429903332371,1.57476358745884,-1.46628466992441
"198",-0.402537790351664,0.115117540342677,0.243745956601584,0.999385743890767
"199",0.433082999193908,-0.782275541055349,-0.36900898144746,-1.49571050305098
"200",-1.2174094811962,-2.12248859390982,-0.214669080980298,1.12733263789897
"201",0.067003662921736,0.594389543770614,0.129746864087586,-0.0987079188803894
"202",-0.904832769692474,-0.153193986568263,1.58270799780596,0.399302494065109
"203",-0.882385914762968,0.643672013778821,-0.273085927363717,0.0142085099178788
"204",0.215250189484046,1.54394405851659,-0.754370348991502,0.619577299497185
"205",-1.5496870336509,0.252101247899523,-0.0597574752073804,-1.59996173623349
"206",1.47786268197533,-1.02034399158265,1.26256340494681,-1.2068785806712
"207",0.71135606423847,0.906106496083712,-0.154176859950378,-0.615230488571108
"208",-0.772300162065392,-1.01340081986674,-0.268222086048152,0.414704730921626
"209",-0.381382337721907,-0.434655087132972,-0.83156083471994,-1.31575173553233
"210",-0.688063138352761,-0.580979255240938,0.502168946231523,-0.870225209267011
"211",1.03168053211832,-0.970864087151997,1.27997993749476,-0.632636674017708
"212",-0.627545615070638,0.0987963868302982,0.14813162908708,-0.341076196843758
"213",-0.444129938702918,0.287148678418609,0.578538860324974,0.139642187189526
"214",0.847017543128698,-0.894767037722576,0.72241774613401,-0.224071999989108
"215",0.203791239682194,0.140209391208323,1.10663642991997,0.249003049227635
"216",0.266721268265728,0.314273705883484,0.454801581153123,0.819636548805408
"217",-1.20200211199862,-0.545139210479989,-1.05273278022018,1.76208095321539
"218",0.275728150316645,0.305736296752223,0.0625176827328883,-1.0704563440151
"219",0.325448527289352,0.128627926026106,0.926402958493056,1.33932325270884
"220",2.03682388390537,-0.123679035564502,-0.882109452615072,0.426428936058184
"221",0.794881016606769,-0.625511068341668,-0.0477773136211309,0.42141030437329
"222",1.77536372860059,-0.136726515790853,0.725628236565362,0.00192463422653081
"223",-0.581228213117265,-0.0774612487467712,-0.545727897891603,0.164654572978208
"224",-0.630501104973905,-0.675053709749246,1.09758326677129,-0.400547525487089
"225",1.46024887943046,0.540958029945292,-1.04932890263216,0.0198382447960647
"226",0.334376692698965,-1.44770587758795,1.16779443442893,0.384579897193557
"227",0.187213329814485,-1.36574773491002,-0.929686681342254,0.318259785631055
"228",0.512418258003319,-0.731737906539314,0.375030652539633,-0.0537058631062927
"229",0.0359604687049065,-0.545134023548041,0.88319743748624,0.671039859722613
"230",1.23629561640377,0.18286275071735,0.336901513135888,0.0232986973954852
"231",0.0974733354643223,-0.846991633578968,-1.09722947835635,-0.330179060718717
"232",-0.312494675276649,0.726931352764456,0.829895629220361,0.551269617028537
"233",-0.54342157457633,0.844002351019337,0.760487124489052,0.047278083313319
"234",0.828447004928263,1.45385081314052,0.582198551855149,-1.09074951085803
"235",-0.177078073532775,-0.134694555828173,1.17705816232886,0.878549844836748
"236",1.82299313257583,-1.08605532365089,-0.113870140586891,0.211310204271335
"237",0.412583612445706,-0.32226075779623,0.135171234591543,-0.708385373724818
"238",0.711918755012419,1.03004033252439,-0.723241228102934,-0.209713978205968
"239",-1.61204353183734,-0.0747769796906651,-0.954888479763082,-0.0924024525156843
"240",0.0321039026141936,0.618766079683098,1.07830658221217,-0.368623539861364
"241",0.0631176252316604,0.454239024504986,-0.416798310917749,0.829640830494124
"242",-1.74536602745021,0.0855192611871586,-0.0923296448439155,1.2517835337351
"243",0.0826781249590317,0.480225191014533,0.999508797753995,-0.0936212276111989
"244",1.82574288949851,-0.130278502207745,-1.27018269644827,0.890788275588071
"245",0.458900729485139,-1.94734213702421,-1.68339259110494,-0.409245207830861
"246",1.05033657756262,-0.123124780573542,-0.253145859749848,0.533363532923017
"247",-0.325300543691534,-0.175816770436098,0.429540439105271,-1.09068240858519
"248",0.779499554408662,-0.0599455002581189,1.16986327211159,1.22529870381026
"249",0.538905847768084,-0.507494301696745,0.236459378895803,0.834655074881932
"250",-1.10189529269847,3.01301398876157,-0.648609371517403,-1.00190911628907
"251",-0.0924729757194373,-0.636777402885468,-0.778956808164817,0.756887007049392
"252",-0.0910289070827886,0.512206983529014,-0.252360400245834,0.214445850946892
"253",0.0118665782998987,0.194016175720518,-1.55103884094324,-0.447540905948525
"254",-0.224144963155088,-1.17615797165258,0.865338509785687,1.20048992007388
"255",-0.416147030084834,-1.1071029739953,-0.227325669586151,-2.01920799188159
"256",-0.722977072976859,-1.9515669585598,-1.22126713382408,0.397666284927295
"257",0.390328367959744,1.11454609106944,-0.187795166915967,0.305830829804423
"258",0.601628137204231,-0.495931458286836,-0.646295627150537,-0.808481439726487
"259",0.648263641033863,1.41028370582197,0.405767024665217,0.0648494042888346
"260",0.294736543013806,-0.961047565235748,-0.409475053201561,0.762438996068776
"261",1.47535223924958,1.42474422244101,0.358358742533229,-0.823399585616231
"262",-1.7402058515214,-0.882230469905235,0.51280419239457,-0.268164188769643
"263",-0.245932302701769,-0.680287051188006,-0.674012071229726,1.87674853933329
"264",-0.0158722770749282,-1.8399878756572,-0.183941367212999,-0.652823237039701
"265",-0.116023876570844,0.582797633389621,2.17252523021994,-1.5536988128105
"266",0.143788888259111,1.15655582741924,-1.20827070642966,0.826696950626184
"267",0.271136885424167,1.9525979352627,-0.180886104758192,0.258118856521278
"268",-0.56121441765655,0.439092595207401,1.06570409859691,-0.153896052037541
"269",1.50123867112171,-0.54276814904814,-0.262177160059292,0.46966644622444
"270",-0.945832257142308,1.57448833399709,-0.636963237274138,0.476208605956301
"271",-0.363814812545495,-2.05458429351754,0.444560171625894,0.596659021545219
"272",0.175714073097598,0.512108767967588,-1.17993813394155,-0.797243322768168
"273",-0.416816325176211,-0.182875727524157,-0.71013404508763,-0.414144722179609
"274",-0.484355873392179,-0.150752873751143,0.671648808986609,1.78879677504885
"275",0.948918152997715,0.765592031431404,-0.761968756538009,0.697876501489261
"276",-0.561138469615838,-0.997309980593061,-2.5085847950416,-0.559786028005666
"277",0.344856383129562,0.72699873892936,0.755314925222384,0.460029472417105
"278",0.859883099097518,-1.05452455519001,-0.0435489718528845,-1.77726018196103
"279",0.865596007983384,0.105178110189367,0.53000930997648,0.158850121434025
"280",-1.04477829448897,1.27834511025662,0.50303590992179,1.77371774319014
"281",0.551724262269292,2.12177548157976,-0.0404667177033003,0.952215756611139
"282",-0.111873970729229,-0.953601380662308,1.49928539628901,-1.20511289682857
"283",0.532787987380049,-0.170202524341391,-1.02543454774193,-1.46077339187488
"284",0.103072618285151,0.490762152750362,0.232557156489029,-0.192103720992649
"285",-0.980308095499005,0.357786294248722,-0.462269385764363,0.0877508896024878
"286",1.06757286531884,-1.00760664108572,0.0897008318685582,0.0358539719329262
"287",-0.570784677783939,-1.43145313566453,-0.0159465186025517,-1.10374985987952
"288",1.37855257190054,0.902920176805289,0.931605339683239,-0.515569823309755
"289",1.11213747695206,0.342634894240134,-0.828633983939632,-1.01251298692729
"290",-1.04668387300539,0.334180867816636,0.60221607543152,0.665210178355748
"291",-0.556508485096638,-0.746736774474525,1.70262367850029,0.315985637604097
"292",-0.768333664404247,-0.112046099095567,0.587253144190369,1.4180789033317
"293",-0.518380711654595,1.24059416322625,0.0379991016852767,0.151316394457824
"294",0.0296449189464709,-0.248941566788829,-1.90385245630847,-1.55054119629981
"295",0.367518361286963,0.001300768898033,0.31570491043223,0.883120865161974
"296",0.679681952776876,1.20042595549908,0.777758116317619,0.377691606630484
"297",0.322467597547098,1.59872747852995,-0.595883563086304,0.915301750459794
"298",-0.860713719167943,2.03633028682347,-1.13344494153206,-1.92125214764933
"299",-1.38955966254432,-0.795581572076263,-0.563266517553549,-1.90461925792544
"300",0.371538091171322,-0.534899333565342,-0.822775879398286,0.64844444449778
"301",-0.222238763643342,0.704416606872384,-0.318972393607843,-1.14009001227562
"302",2.30631361025937,-0.77336930493547,-0.63636232886963,-1.70331169995313
"303",-0.12953106782968,0.468769172364905,-0.363648257911086,0.549146331957892
"304",0.474523304193959,-0.0109972186213997,1.77046085763766,-0.712432563848147
"305",1.67733163036412,1.53331514917688,-0.470136282484788,0.452795824761449
"306",-0.661836504141691,0.300839975971125,0.767293578409695,0.426379236607429
"307",-0.0774407336834788,1.09200700066887,0.224933271194271,0.111378125923127
"308",-0.766244757740573,1.28644128966997,-0.118860652761992,0.855653959791039
"309",-1.02637373714555,0.658129391801895,1.59018244896593,-1.2645333232163
"310",-0.583890708675362,-0.154437591735124,-0.594968263569943,-1.63770559940452
"311",0.95756548698263,-0.94223361831546,0.0646533500826581,0.610366564117096
"312",-2.1105386802954,1.83049700642276,0.850007375050442,-0.368979992970705
"313",0.583154680616852,0.265781079255551,-1.12684442881808,-1.11355879851394
"314",-1.39372509668836,-1.042108094341,0.753719063270738,-1.19175453253213
"315",0.778554165399701,1.55286733009573,-1.31439422468278,-0.054507534547026
"316",0.453064005241061,1.60576291890037,0.498328924993033,-0.822285176137597
"317",-0.773394306722574,0.738938448070034,2.27819447488352,-0.440739379809469
"318",-0.999279171496043,-1.28644657136202,1.66649970296488,1.6454341327601
"319",1.21610122388155,-0.882317683067511,0.544330366659593,-1.75982719962771
"320",2.31187698935026,-0.0710970566615942,-2.19252584395753,0.489181637594905
"321",-0.872322929407077,1.06998627323081,0.581519644587277,-0.851810290142647
"322",0.78494742732719,0.00172985860262146,0.147719512608695,-0.633372984806466
"323",-1.53466254864453,0.522779852955492,1.32586094039104,-0.199988784214013
"324",0.622417597677899,0.395493442102415,1.27733790157975,-0.256481353194902
"325",0.416341877096462,0.610450985533862,-0.252388720105857,-1.07805904514228
"326",-2.75543304716336,-0.343606787265034,-1.43470066576787,-0.495716603954332
"327",-0.833044581547063,0.365275612386219,2.38200219181861,0.321422459747383
"328",-0.482246385294108,-0.897885580815598,0.345374332983148,-0.945788871706856
"329",0.0976615934594078,-0.482862169705488,-1.02054068714852,-1.90253550453727
"330",-0.190354918137345,1.4205174243251,1.64648487360429,-0.916546294282459
"331",0.0427581103913132,2.06634305819577,0.94852365001678,-1.23168928540821
"332",-1.06332829598506,0.501706688489296,-0.897915104000396,-0.0501422942741855
"333",-1.20440215404401,-0.461513109149549,-1.43398417400445,-1.36483455342454
"334",0.670368354845374,0.445777352572897,0.134371125940918,-0.854265724813112
"335",-0.871882513154101,0.988453418599632,0.313991784325311,-0.505748918280841
"336",-0.601489400779055,0.350521485035831,1.18373001968577,0.0746917191371711
"337",-0.041294256582499,0.422846724807126,-0.636962261738142,1.78142348369182
"338",0.658697168693064,0.0443791880063348,-1.33171772121837,0.992982311321944
"339",-0.131510794425857,1.85655029145963,-1.38070510684344,1.06000917614212
"340",1.0042049642368,-1.13158251907384,1.35765249124464,1.68276698670448
"341",-0.256479854634291,-0.77363609375095,1.41600971910447,-1.3162578591764
"342",-0.383492092576019,-0.197013158834216,0.204541455007944,0.125559907480246
"343",0.0774262541236675,-0.0135318782015544,-0.33671281187421,1.42039245146782
"344",-1.60490867088072,-0.773659847446367,-2.33723766229599,-0.746241642026992
"345",-0.552011038540396,1.51599156418332,0.627393808764788,2.05158358814612
"346",0.979172195485498,-0.63860781162887,0.458327126123214,-1.1576998101315
"347",-0.123310687752652,0.247247594451056,1.01043992520368,1.22403465797816
"348",0.634310262200274,1.10776621864249,1.20334608419752,0.741585836297056
"349",-1.22080126719454,1.93649655076226,1.29265044311711,1.17152582574038
"350",0.228059828686275,0.0545888017374232,0.674450346440119,0.90076975609558
"351",2.63940733876022,1.25565453199095,-0.419419326756681,-0.04860726862968
"352",-0.362756829348264,-0.982431193046678,-0.521589195671547,0.233399460119343
"353",0.0470541348778271,1.34343636624503,0.13696230671916,-0.0459131349496144
"354",-2.19167507565022,-0.306258127481043,0.269763927777024,-0.0292952656038671
"355",-1.07687304547597,-1.48111426329545,-0.4130308098917,-0.487658330907774
"356",1.12613105216709,-0.129319466951712,-0.905941627528535,-0.48733174114755
"357",0.501948412221011,1.63036555171052,1.89228538172736,0.566951188964006
"358",-0.546324108643386,1.10550242936242,-0.689141986520525,0.109915384746865
"359",2.55537702562972,0.617085869493311,0.478189778686613,1.10000382074775
"360",0.655403731956595,-0.787310332240914,0.662862331649511,-0.331228766404176
"361",-0.434432042303431,0.800964444627057,-0.155936984207613,-1.02532357537658
"362",1.48993347024579,-1.59241208554247,1.16151490275361,-0.158054731227159
"363",-0.433144825645506,-1.61776127435347,-0.526775450737845,0.159695744125769
"364",-0.737167870053181,-1.2284903064426,0.0899172599063234,-0.671848543123437
"365",-0.0601765677148375,-1.99953920255998,-0.765649807015243,1.21139613141562
"366",0.259297908550883,-0.521275100712897,-1.03512319624855,-0.469442582849349
"367",0.558997498895372,-1.03418492215731,-0.0621304336719148,-1.00673546119621
"368",-0.771560220086828,0.254022272403464,0.200968953785234,-0.862921470941976
"369",-0.299609228065909,0.588671532603747,-1.65592159820187,1.52222964185853
"370",-0.339544910677277,-0.26997685582014,-2.22695817111537,-2.02663566470333
"371",0.660439700800802,0.204327119405241,-0.994562438750637,0.550938788537599
"372",-1.09014403678855,-0.719762298794238,1.58227929815891,0.352748679615138
"373",-0.523176764704667,0.913438489384491,0.985723383073019,0.138798768776872
"374",1.1178233944553,0.241514960017942,1.04259551922615,-1.42134776530492
"375",-0.570642105887261,0.477609323216063,-0.613665119068469,-0.189981648485454
"376",-0.221785120320269,0.50520983810305,1.27773214709128,-0.0266097255911068
"377",-0.770029364249873,0.25553099909686,0.572314807121896,-1.22597013149832
"378",-0.357694323897983,2.39158463270155,-0.660710156309627,-0.763655859443341
"379",-0.152293219280122,-1.3504351401911,0.121439570044933,0.047435938237929
"380",1.42582484410146,-1.32905245412045,-0.126930001104643,-0.441873430907693
"381",1.58380333940887,-2.08959096568625,-0.486724754364151,-0.737421868652847
"382",-0.769449952747439,0.903139905028992,-0.103138677774401,-0.300478067923731
"383",-0.722861653602594,-0.669497679568265,-0.583244074699139,0.635104851144834
"384",0.486758443056428,-0.370480237468535,-0.549936804710902,0.708230566460869
"385",1.26597706804253,-0.618297081487973,1.63165206598594,0.886661174138326
"386",0.367479523117898,-1.6584515664625,0.520145689303124,-1.82109638072819
"387",0.778488658483417,2.12124115531957,-0.116832023521309,1.68850316576107
"388",-0.523517812088475,-1.84465719990393,-1.04838382062928,-0.15420341683803
"389",-0.329998059153288,-2.19081334403152,0.110713453050583,-2.67853423384079
"390",-0.243885759709325,0.819624852422017,1.14250926209829,0.377231343403577
"391",-0.208147588898537,0.371235521496164,-1.18825913826289,-2.02232727796178
"392",0.560825275208161,0.411649475207643,0.590765270880127,-1.32772324255954
"393",0.347980831630998,1.34235863739568,-0.662917452902902,-1.19776919620871
"394",0.230686907945019,0.584559706547607,-0.85032635518793,-0.659324516477905
"395",-0.15488977628435,-0.761735745620052,-1.42239674703169,1.84849220934195
"396",-1.5577256311859,1.44512248785172,-0.396254971753257,-1.32091670615101
"397",0.727979711002174,-0.191126836825451,-0.548677300686446,-0.606431444258291
"398",-0.689126494024891,-0.521275409001328,-1.12450066760785,-0.178351038074591
"399",-0.871995040423619,0.673327517998438,0.396411899654163,0.334767042667635
"400",1.09643774824323,0.395118943207741,0.825152815683705,-0.223294650334244
"401",-0.709930753254602,0.232999629735738,0.756930967497012,-0.49797990556678
"402",1.53808137692919,-1.31896106552986,-0.370292987179418,0.843138698316749
"403",0.856756344792328,0.815024833828793,-0.0266379692585215,-0.171208384692431
"404",0.362186781208426,0.881152573168631,0.53652641973943,0.983353873808462
"405",1.30734211855653,0.359203897452902,-0.282691736014551,-0.559888700212632
"406",0.176087511572551,1.21519199952573,0.483837569716363,-0.355751017335551
"407",0.11608144409224,0.316492425248695,0.849390473424528,0.524629022592175
"408",-0.559754657363871,-0.491039222268135,-0.078592097758846,-0.326633197234111
"409",-0.197941919541279,-0.471789588654616,0.15641215042589,0.670526668122851
"410",-0.274456528421912,-0.805226244192795,0.23032534054626,1.48717286827757
"411",-1.9880270851003,1.7461976872849,0.115532553772038,1.12599003250356
"412",-1.33966093663344,0.785409440930243,-2.11669538783502,-0.272651121531859
"413",-2.10879926124245,-1.4804304968706,0.00304131095455671,-1.01576499388588
"414",-0.809134673850248,0.713407751231398,0.607804939776424,0.726976987346148
"415",0.815342331813032,1.18758107701989,0.203663552642733,-0.583387356018602
"416",-1.56194698015014,-2.43711626290256,1.73193472244444,0.465288968497753
"417",0.467153440513624,-0.536500539304513,-0.164683769455019,0.784623027095763
"418",-0.792032723572871,0.470715124268265,0.360859084231239,-0.47820021307696
"419",0.262481512859909,0.797645755159628,1.86001342837052,0.101687757306987
"420",0.429134782489654,0.726210769337631,0.106139852195773,-1.34093773593967
"421",-2.12130097345728,1.00745414511642,-1.01810190138513,1.35666207452763
"422",1.36840915938561,-0.685618671204198,1.63596448489101,0.0117530430835763
"423",0.476828668057659,0.729942641596297,0.433890907705041,0.788604098871868
"424",0.25732180837469,0.648705749640387,-0.531008494319545,-1.44645259172803
"425",-0.175313974266869,-0.2162518799796,-1.84895385162644,-0.772637359290066
"426",-0.356111071721413,-1.48590342459879,0.651744126161306,-1.02036902306437
"427",-1.03365197716078,1.1489648141993,-1.30222454011673,0.260351829536966
"428",0.509410128492039,2.22718243213129,-0.717197289954353,-0.616059309850878
"429",-0.251185689864007,-0.922253851687736,0.457258950725639,1.10029794885499
"430",0.642746921102921,2.19366822939896,-1.08525843743882,1.52096159213562
"431",1.22364442363064,1.04038467862359,0.944106215462367,-0.118286341847937
"432",-0.668526552391255,0.220031284258713,0.248667496202421,1.05940642187612
"433",0.608016737384637,-0.430754931832514,-0.00965797123853739,0.543803526723997
"434",1.36890067797111,-1.28536194860223,-0.249126786599401,0.192200381772027
"435",-0.0832120872154619,0.26505259180712,0.593751981942636,-0.744561163184003
"436",-0.0604600972711453,0.951920123365974,0.838697575081122,1.66381748550785
"437",1.6761082739347,0.346631591414173,0.60105286468725,0.00350060420664313
"438",-1.18123442395627,-0.347497065667874,-0.643456011684212,0.272531022447071
"439",0.22202168240673,0.123088478511035,1.10784125918028,-0.566391175334628
"440",-0.302919928707034,0.312312218879634,-2.36590891378768,-0.806300543611358
"441",-1.32733962230877,-1.63671793869401,0.622899640219483,-0.17753565137969
"442",0.937089809070434,0.20643869258866,-0.719542478885872,0.7697922790583
"443",-1.82751640476648,-0.226750724726252,-1.28987272317085,-0.596108608542061
"444",-0.619424773826831,1.66039686892742,-0.10270710198144,1.594113719723
"445",1.91445868108499,0.766857049288511,-0.414227560238731,1.32399488167658
"446",-0.541050022457379,-1.87218663020002,-0.990574438759029,-0.506512255813353
"447",2.16731837885117,0.0281004286705506,-0.630057062735651,-1.16564850415766
"448",0.31415140101013,1.02214133174978,-1.36865272427346,-0.227398011780988
"449",-0.352109058219006,-0.623583410182002,-1.19626768302182,-1.64668466733098
"450",-0.0311969224621015,0.465078802807812,1.11029671031618,1.21127881811524
"451",-0.134272398829269,1.12921977568173,-0.375900666440027,-1.9451732226699
"452",-2.37877319453529,-2.45663481996226,0.612410611703512,0.743553771113507
"453",-0.994161249443723,-0.897223059362424,0.528269384490695,-0.660513284667494
"454",1.88516563559047,-0.5513599315849,1.10279727254981,-1.29360876999936
"455",-2.47302910536722,0.561268911389837,0.264178389806267,-1.21298794668447
"456",0.0296072188463245,-1.73936309557432,0.0914390777429697,-1.2916771949916
"457",0.517071051080714,-0.0204311670776479,0.733211869561704,-0.874548693718027
"458",2.44794423203552,0.203593016961105,2.3826582545695,1.11806981491464
"459",0.365416051399802,-1.04423852640459,-0.36468283293455,0.897265881113531
"460",0.635486807166556,1.07642014421837,-0.851809079434234,-0.734046247429011
"461",-0.106951859644984,0.607190355637893,0.160829676916684,-1.21668829736801
"462",-0.594910812442466,1.51547339069991,-0.547410514032955,-1.84164168303821
"463",-1.75600601780032,-1.73040273560967,1.2970341548037,1.37437147365744
"464",-1.89635800685074,-1.27098678316042,-0.130880392623293,0.942654634403623
"465",-0.639164833264996,-1.41065197061875,0.395768891748369,1.80056586000373
"466",1.2061428876922,-0.924658530952912,0.268584631492792,0.173529996354605
"467",0.41610210076934,0.169303791983341,-1.57735933077819,-0.0829869498307431
"468",1.72262024009769,-0.114425253792693,1.2046176883572,-0.0873635466396668
"469",-0.0168876277440142,0.00487781708188376,0.41560972839762,-1.05128713064923
"470",1.93679923743118,-1.87449751897234,0.701285314795768,-1.15909789845253
"471",-1.47357464465592,0.831655655513257,0.441308149177881,1.17765758646867
"472",1.04614158427578,0.239467144305997,-1.11406220783316,-0.037909546942367
"473",-0.163849411837837,1.43330630479902,0.254320359562606,-0.9496843491318
"474",1.0585041343523,0.118038649451242,1.49409149457307,-1.59238952961921
"475",-0.597664250330033,-0.821007157773036,0.209405546133414,-1.09824661802573
"476",-1.35642467641898,-1.50587699292873,-0.608565089354633,1.47881445563764
"477",0.9578210529231,-0.359908404978605,1.85739900535214,-0.181475376907548
"478",-0.587312014682714,1.00667752654112,-0.167944635811436,-0.515627046244589
"479",0.356004745613271,-1.14301705424943,-0.374216690606102,0.488355804979143
"480",1.02349757415209,0.679000059094852,1.31407706632075,0.905644619510497
"481",1.90302302513322,-1.86901900085813,0.18342278657795,0.471519670551379
"482",-1.54619830219532,1.46073984361088,-1.02368998445083,2.24853786525343
"483",-0.526588102993136,-0.528075049100915,-1.63834686016912,0.538380521013565
"484",1.1528963597017,0.00601094739880725,0.491756743981669,0.133311370586605
"485",-1.5260275304241,-0.570033951974387,2.41552718551459,0.290397064508549
"486",0.258093112939103,1.50966482555609,-0.683539699043682,-0.116431545916107
"487",0.671715628108339,0.014012151883601,0.736399641869418,-0.837210097189133
"488",1.1932158152896,0.414196162893408,-1.13073253080781,-0.527707533199082
"489",-0.424294041713417,-1.01216196576438,-0.793050936778014,-0.207692341459327
"490",0.545948856235433,-1.06058180106248,-0.399340663431248,0.812566082928379
"491",1.87160956851877,-1.68546589870588,0.802560157667931,-0.573378911121156
"492",-0.633481880825955,-0.132725359034011,1.40509586258636,1.03737865250363
"493",0.328908960215011,0.583764687799999,-1.94134127670789,0.359234384026268
"494",-2.18829037385367,0.774890271346662,0.198143076474098,-0.794870451605544
"495",-0.965858327052186,-1.06943203669162,1.18239302369392,-1.58256608254503
"496",-0.420335486454366,-0.162065648836407,0.608144813186825,-0.353841672869582
"497",0.348926367245163,-0.319931962131974,1.20057021686148,0.225922097609884
"498",0.621038574721891,-1.35557850220729,-0.311208686864568,0.49826926218762
"499",-0.124797844877077,0.438955114098668,-0.664060806816779,0.582219288900989
"500",1.07421878941122,-0.0592497165835943,-0.592560564220634,0.0652953427300292
"501",-0.855694701334159,-1.81603783240697,0.0221135706620925,1.63522730900397
"502",-1.86013424123823,0.310512246987082,0.0030484364164191,1.56129194826333
"503",0.864537377117891,0.0830297760799972,-0.465944350847947,-0.760125009224998
"504",-0.071351746393701,0.266132390655952,0.209320532378348,-0.54189477065109
"505",-2.15334479110245,-0.30528500861053,-0.602331927376612,0.797353059546221
"506",0.903764441288555,0.0620310113913475,-0.871729430552058,0.924126847124398
"507",-0.0359672293618634,-1.30622356133975,-0.316366613862882,1.18510261534537
"508",-1.33753302092727,-1.27602509930992,0.620391911344953,0.984312816402038
"509",-0.195379841630857,0.640966165232433,-0.532719253634323,-0.342501901529383
"510",0.819838796182339,0.242488259396358,0.732316159923132,-1.4340869871899
"511",-1.83598334879013,-0.68666596822642,-2.75494624793889,-1.45745833936774
"512",-1.03301575999883,-2.51612789266194,-1.20955507683825,0.734083749989272
"513",0.773989016059117,1.5455633864002,1.61368377798878,-1.42573020409242
"514",-1.34942072159199,1.21448196049871,-1.66191578835668,0.822581641669405
"515",0.01116918274398,-1.07386557680339,-2.01809180031174,2.25555432217161
"516",-0.855174217147552,-1.00751348340838,-1.58477973348363,-0.542873013810701
"517",-0.176158408335966,0.123968767307917,2.59631897636209,-0.948170574301015
"518",0.548989668536076,-0.273856598517397,2.83253351126332,-0.999645646396452
"519",0.627720941172895,0.486663025436571,0.212691679818051,0.0720815246306327
"520",0.59269146639347,-1.62529868785003,0.48036264512782,-0.737804836142076
"521",-0.150430316881355,0.165703682297372,-0.555508943860525,0.273895950606633
"522",0.092556545634538,0.1452830752138,-0.456974646809575,-0.0647666706282696
"523",-0.201566433764156,-0.679914360576192,0.731125748348528,1.8707319360531
"524",0.354320842156224,-1.00207924619943,0.994031100278789,-1.72804995283638
"525",1.51353044457396,0.0334949257587093,-1.45974830788697,0.565168328852129
"526",-1.55777750714118,1.04825868513455,0.203158357695747,1.66073704423304
"527",-1.04464190483999,0.566858598218745,0.300705587486381,-0.45260330386629
"528",0.517843061294078,2.49331406876664,0.384025872204535,2.08787203087646
"529",-0.141680180728387,2.30848223085414,-0.18387551416215,0.313472213964326
"530",-0.483777439080966,-0.785497191572579,0.468595934139659,2.97593526035759
"531",0.0459566019697018,-0.234240097174723,-0.0822932997350164,-0.934554634862192
"532",0.917688560872743,-0.152151671712635,1.35667454368236,-0.0188717353387542
"533",-0.049137618959432,-0.853414030620523,-1.94494430318403,-1.37252093783599
"534",-0.235297122276002,-1.42830550467624,0.613804545114624,1.3327183701336
"535",1.07123084068645,-0.559896723906504,-0.418490153471268,0.162635995359495
"536",0.259776572178413,-1.29804322337905,-0.619672664307507,0.117000433570293
"537",0.624770572570933,0.579683787568752,0.924547547013709,1.60121960084653
"538",0.49042494281233,0.412910046298706,1.01161514579672,1.65706504648102
"539",1.74017915717486,-0.505122100359045,1.40840386310102,-0.642582313828025
"540",-2.16333817780616,-1.51808668628908,-0.305441998883779,0.216403874999052
"541",0.402540005869093,-0.538945798247265,1.69244738479525,1.31241130987877
"542",0.237109508913518,-0.547814708882041,0.5197162612662,-0.96181380519797
"543",-1.94603460691353,1.15695710927606,-0.329219324729278,-0.620248993672186
"544",1.30338164668565,1.08401388062684,1.49177792476099,-0.98228826299425
"545",-0.0751910318605232,-0.783580332385482,-0.826591402627324,-1.22114841087978
"546",-0.779337732045719,0.0250031521072126,-0.0986295777720923,-0.418235676068216
"547",1.32333213034742,0.373027249002493,-0.54022479126191,-1.11510246241897
"548",0.113704520797686,-0.914821149137546,-0.829918732635816,-0.588706829948885
"549",0.568066756290514,-0.0580752796480974,-0.82664923709834,-0.783974971440826
"550",-1.09037274899273,0.932771241116859,-0.0136265638256367,1.21027470352975
"551",-0.77552134221493,0.109334953619993,-1.56095153604806,0.494889345123409
"552",-0.797451312990095,0.65571930359914,-0.414426645105339,-0.489758715460584
"553",-1.09890384622342,0.547163661980056,0.360247147245523,0.675989345475085
"554",-0.0634834138641884,0.646223351951572,0.272978907411451,1.37990147117821
"555",-0.130667132012249,0.292991705329392,-0.597331851465217,-0.148769373149018
"556",-1.56669410427652,1.05845452998717,0.334814636996044,-0.560813162794422
"557",-0.641834820675255,0.304172660071357,-0.191732339669981,0.505893876196646
"558",0.424694505999307,1.09410289112323,-0.0222986544671518,1.38257190675931
"559",0.964031486993375,0.227273357683731,-0.0669740079502839,1.34762040068747
"560",-0.153156454685893,-0.000746938991995972,0.363315533609845,0.608997209839393
"561",-1.00859766100045,-1.0261936113587,-1.13506533946173,-0.205258846860302
"562",-0.633241589262114,1.43971668308583,-0.0371040097324648,0.791046760108786
"563",1.38757691774995,0.296907577753442,0.359004347656309,-0.292522592378905
"564",-1.25252675432566,-1.0483870439769,1.30622311442282,0.45958467542188
"565",1.17103744234016,0.461312777512732,0.0991023944528405,-0.0665353280899168
"566",-0.663199464637581,0.769459181271594,-0.328187061339425,-2.6715326985367
"567",0.812106662184945,-0.798860468165584,-1.23649405231295,1.33467341948787
"568",0.574876757580885,0.566282093474422,-0.331509174605158,0.0967998442689876
"569",-1.1915012897377,0.20964261541886,-0.647559261126449,-0.985558954391121
"570",-1.09569411731615,-0.92150367855897,0.709945081189811,-1.4470419216016
"571",-0.814948637848635,-1.17607193364211,-1.64464297242661,-0.1933689196799
"572",0.730227325916905,-1.076085286532,0.330242725736889,-1.55338818524782
"573",-0.582186266613358,2.23492042134549,1.15501079435981,2.81126319969962
"574",-0.426103531410777,1.58518815051703,-0.45670256228047,0.21559958227887
"575",-0.849953685371763,-0.94450323348244,-1.39358394440872,0.615449784212868
"576",-0.483608937541466,0.851000782216745,-1.18784290451248,0.404165245662852
"577",-0.475998826946564,-0.5874623631887,-1.32374566562395,-0.0462399982002686
"578",-0.913130339518597,0.408205787095287,1.59670945618765,0.380006382312538
"579",1.71677525245851,-0.78943857691341,-0.00442378413586172,0.683587099405783
"580",0.643394762889884,0.928550509716068,0.284263307947487,1.43542485368263
"581",1.06570666854119,0.727905537627971,-0.665249695564884,0.689750656573185
"582",-0.100493115653771,-0.541567848340462,2.10137094132721,0.554294966991337
"583",-0.450923817866652,-0.376846193210816,-1.78426137709077,-1.07464207660853
"584",-1.04610228043254,-1.07141542227627,-3.19035860135632,0.732882411362181
"585",-0.94237160282718,0.395730225801107,1.31750378797081,1.69632537408539
"586",0.445326254817142,1.00682456268777,-0.925115520939895,1.30995761168842
"587",-0.0497725764359038,0.0413965193432209,-1.00483149282909,0.133907131026132
"588",-1.29903487387068,1.25875141124465,-0.809767783650347,0.536236997322039
"589",-1.2737295631568,0.547610671522915,0.0227000264032021,-0.248066910271771
"590",-0.312273890286104,-0.260904666998223,-0.231452613366583,-0.42916076244346
"591",-0.177314620755326,-0.621787224334281,-0.300715620373925,1.67310923612245
"592",0.224691715749752,-1.47219467326238,1.347276499964,0.0919021663166725
"593",-0.614225180991136,-1.33713776609631,0.392371461495386,0.47494169522961
"594",-0.397158618673647,0.168074694042948,-0.440145538372379,-1.69550077356557
"595",-0.58380644165724,0.668133178420425,-0.0909311719093669,0.222107149822051
"596",2.04181262612196,0.458814834670052,-1.27148827313869,-0.850160796128769
"597",0.914349906976255,-1.26649714086378,-1.60149291075775,-1.24473454011399
"598",-1.52925741111996,-2.03457334493135,-1.09102786382287,0.390307253279173
"599",0.365297982091209,-0.152196299557808,1.20133217144758,0.0737439492527988
"600",-0.210066054229909,-1.19033023025613,1.55129125195228,-0.164025831568894
"601",0.964892070178968,0.790568997169091,-0.289906093415706,-0.36853152250349
"602",0.732944479956981,0.539806904695872,-1.13048141120469,1.5870387936757
"603",-0.732759853575342,-1.1546935294794,-1.92917977763595,-0.755404888883552
"604",1.96905834505131,-0.132632271473588,-0.50893552446044,-1.16972751296292
"605",-0.519944228414958,-0.199504196303372,0.681061750526876,-0.742837503596934
"606",-0.301361439694109,0.810595073747284,0.0871543014764782,-0.845579573768204
"607",2.34513440555656,0.655802384395611,2.0901554897574,-2.38034162189735
"608",-1.24802080188811,0.296409499870309,0.109766358432509,-0.324594008021546
"609",-1.86090778979267,-0.404900965556638,0.777155419726917,1.51195836747081
"610",-0.372376044319773,0.256813521709719,-0.927783913999841,-1.06782407725083
"611",-1.28192730432614,0.130757266322323,-1.14636478949774,1.22112173051934
"612",-2.4254134716338,-0.47354889599995,-0.789258592510654,-0.617648327458866
"613",-0.638793409648596,-0.136574610491656,-0.268455001064657,-0.207386028032093
"614",-0.526216903061565,2.48373806330748,0.691781190374531,0.211943429873439
"615",-0.668012158707749,1.45703564314536,1.25672977492609,-0.227161648009082
"616",0.367869046670172,1.96521689686913,-1.44454409082693,1.16658571247153
"617",0.633300545410643,-0.307930592212588,-2.19530414819843,-0.829156992533914
"618",0.780021100043271,-0.570009090049558,0.424754116315762,-1.90267239748701
"619",-2.73012814991935,-0.20559065779079,-0.567898827412544,0.972420682195568
"620",0.442902223176674,0.275910165217978,-0.193555681120932,-2.32614497887585
"621",-0.261186723996874,0.983021734075895,1.62721768013942,1.57953720792278
"622",-0.220496944309993,-0.0299608681058013,0.361121908705323,0.398716812537438
"623",-0.512449685533481,0.0505724503174692,0.951905526394956,-0.843692358187067
"624",-0.270007409082959,0.618188266536917,-0.718053786556804,0.808976267745226
"625",0.196922727472138,-0.252207045646756,0.686230217948978,-1.25475645627946
"626",-3.1257450288637,1.36921671435665,-0.82095658721066,-0.442218601997749
"627",0.316555658365423,1.20941991878984,-2.45630365460502,-1.59350513853876
"628",1.55616216543481,-1.65513722464029,-0.96945229358532,-1.3959209603602
"629",0.500364149167295,0.35066461098115,-0.574135343570253,-0.450939726772107
"630",-0.48213439340414,-1.23259606315434,-2.29987811189958,0.647150492063518
"631",-0.697235247203353,-0.514757147511417,-2.07211121841188,0.569368086921485
"632",1.25982806761422,0.254206801595257,0.444701287721732,-1.61240212716274
"633",-1.47393031311927,2.05709412999659,-0.0184010932725611,-0.500729400939869
"634",1.33440711364476,-0.93425624580407,-1.31241885703568,1.02611378899363
"635",0.147086999751808,-0.828834425217031,-0.204240596499068,1.43587653914578
"636",-0.24425925404765,-1.24645863181833,1.1559313440125,-0.932924742194737
"637",-1.11412235843807,2.71420476979918,-0.9937656942155,-0.56730946640473
"638",1.01709006092778,-0.541848626986495,0.776201911102843,0.739066477033283
"639",-0.506472557901915,-1.48999676336347,1.25733856000971,0.287566962503756
"640",1.06102548687921,1.16291598565729,0.462700970475562,0.314396415632176
"641",0.823066284393803,-0.65480753338984,-0.23439337679524,-1.98206231828787
"642",-0.703529206367488,-0.577332828266425,-0.108398165966751,-0.9486269004804
"643",-0.5814914655842,-0.0150342343449597,2.08170392963736,-0.296966123190283
"644",1.45517490002203,-0.952426614689364,0.922784287068012,-1.53791006829671
"645",0.900500290062249,0.274998860850417,0.831002516153289,0.989188056444751
"646",0.0265437115135453,1.25109828012269,-0.194460265140708,-0.0597746200297966
"647",0.470799749981257,0.022413549639901,1.27547020890037,1.10508581855127
"648",0.908404709490967,1.72461251258282,0.364315666600793,-0.0743800116478379
"649",0.825058825955165,1.08910674517021,-1.41645235885111,1.85202682094712
"650",-0.339468072723768,-0.48694789095343,-1.52986682046499,-0.33896014202242
"651",0.567603295373324,-0.331319541882894,0.416665005666188,0.888512341192137
"652",-0.749585973168732,0.752493312016514,-0.95609575750344,0.786941357453581
"653",-0.236839697813909,-0.169435963274993,-0.920613921677175,-0.409289974890156
"654",-1.48234943972148,-0.0932844727996268,-0.982231319730594,-1.57840640068602
"655",0.414775708067501,-1.47683981261794,-0.640235311367358,0.138319926127708
"656",0.771391030315759,0.747717346920441,0.654025627080931,-1.34071809942901
"657",0.334673683781065,-0.497777690270235,0.608165929519251,-0.702191971531424
"658",-0.332999683606204,-0.887722224279227,-1.91027707464267,0.106907283460501
"659",-1.10449053308848,0.310126146938491,1.47668985066196,0.0371843031248756
"660",0.791868071599387,-0.558764787875403,-0.678152050655195,1.61003654352868
"661",-0.0484550014156171,1.853908969888,0.0289454289851396,0.2171050343241
"662",-0.413287329458915,0.28701018723253,-0.900259319726234,-0.986360592894806
"663",0.0548908542846312,-1.25059948887968,0.461334805768933,-0.614218882116428
"664",-0.983910647809042,-1.2683105587297,1.4122308547981,0.903942398676287
"665",0.375919397680237,1.47793256210007,0.667161419981011,1.47310177972068
"666",0.200321174584505,0.145774232697434,1.21994573573512,-2.08227155344248
"667",0.1168517034951,-2.43198427649832,1.07022942159081,0.349829294313067
"668",1.28967465248273,1.26882381365911,0.777189289661316,0.178360803034963
"669",-0.0794101632018104,-0.527622094693977,0.433509228411463,0.591432003793628
"670",-0.89355968446604,1.85227243167389,0.295575270754518,-1.54546618154742
"671",0.0863630596456683,0.0232123765700813,0.865146393234399,-0.220837875140293
"672",-0.521415787627473,0.78849225570945,-0.518159683583395,1.64337457865424
"673",-1.24760510384456,0.561563489679253,1.47295109234542,1.21027596392291
"674",-0.924260313183312,0.0445474930061957,1.15723285576074,-0.416306578813431
"675",2.37927358818936,0.72463081668235,0.903177233446131,-0.12776323481561
"676",0.509412748147959,0.374433749932444,-0.401360493282285,0.987075478277475
"677",1.3400098008646,-0.290604542247196,0.208841640819859,1.07346419617334
"678",-1.26955082619007,0.414678225993923,0.97583766957648,0.565235793041952
"679",-0.145740471784926,-0.336183511378789,-0.918308489855129,-0.476251396386746
"680",-1.17630655358088,1.07416834099255,1.24156685850767,-0.242587742705236
"681",1.09067874961973,-0.916409354702783,-0.502279698636782,0.00180002686954254
"682",0.617608119305795,-1.09887271950809,0.146137890631685,1.05879010197215
"683",0.0106380601563281,0.219745313135747,0.14298431704192,0.784713722789833
"684",-0.116667552666926,0.637485125515578,-0.510591202066748,1.74584140708456
"685",0.36267906974057,1.19699303304459,0.489405689744131,0.117663683021923
"686",0.371233551896929,0.555898065810384,2.2208181293372,0.634320607180572
"687",-0.143246534973615,-0.686984366923855,0.818832445980763,-0.571871886960473
"688",-0.262816450810801,0.583826193117544,-0.295048390515161,2.80126280101771
"689",0.809295862133308,0.700758499354781,-2.01383276680977,-1.05793255668513
"690",1.58894548002533,0.118687834941482,-0.124634832595256,0.670257026165644
"691",0.881101558313336,0.423073023827178,0.657107526438008,1.15768208651958
"692",1.23418809966689,1.35603664720123,-0.733137598767221,1.63402317164845
"693",-0.265530392694545,-0.472972014822565,-0.212766749847732,0.918224399916879
"694",-0.0842886893720599,-0.170978049344021,-0.643887475758355,0.672191239400479
"695",-0.0325372394558531,0.546839300239684,1.68250539277291,0.304719479953594
"696",1.8945070502775,-1.39096120072633,-0.524481845034029,-3.69585043949314
"697",-0.628632384048306,-0.803036818460948,1.12597416305885,-0.346630204228307
"698",1.01392260480634,2.21448868628705,-1.24739820995977,-0.878260537439722
"699",-0.297996104500075,-1.33825915282522,-0.45333057027643,0.159474185209292
"700",-0.467564275407217,1.28867021804618,0.0364648740407421,0.509903573140654
"701",1.24619790497874,-2.03326294069503,-0.994939471752037,0.215395817545706
"702",-0.255721012349617,0.924052128967317,-0.459701850675643,1.42123759384469
"703",2.32103346552554,-1.15887885898639,-0.292108720517718,1.40803143384631
"704",1.21602686753192,0.0113275007456705,0.904411537601413,0.665401475827937
"705",0.743668169437433,-0.206246119524881,1.14362690115452,0.50202058350648
"706",0.647136500507322,1.35089047071818,1.74684912151684,0.301892045248923
"707",-2.44007386976312,0.301053486101564,0.241452022072481,0.381266358127316
"708",0.645401626393733,-0.024074381077977,-0.0432770122953252,0.351542700820385
"709",-1.31689099286174,0.226888910003945,-0.792249307698158,0.226677816723719
"710",-0.809091304191333,0.774812020963763,0.521234196050857,1.23773196622216
"711",-0.943939264090328,-1.22526847354714,0.171137324208365,0.344854376839559
"712",-0.418578206690597,-1.88585039563592,1.17381866918433,1.6878565925695
"713",-0.696641619859606,1.6824971582682,0.27702679011821,0.133932868748145
"714",0.542110856056491,-1.15083752323199,-0.530705197548517,1.57932302406501
"715",-1.67908978652929,1.16012712791287,-0.0648749325683981,1.41218407938036
"716",-0.56643860010369,-0.498779309661414,1.02752951833522,0.106844186989544
"717",-0.659176083929355,-0.46319705100108,-1.30237264427745,0.820782647038797
"718",0.318896262311747,-1.3047102298418,1.58789129593953,0.0372031778726087
"719",0.492294333445319,-0.389395393755713,-0.672053227632055,-0.157187589776452
"720",-1.18655061380869,-1.60245678863901,1.04735524088283,1.066879657298
"721",-0.984835353334147,0.335657042997465,-1.40259804448474,-0.987183641731039
"722",-0.662784469823273,-1.79548621345503,-1.4869976797685,0.642495022240783
"723",0.883005457247889,-0.554099544077892,0.368194113461518,-0.331426207802494
"724",0.339005481412959,-0.459674134271223,-1.17231070749037,-0.302907286872254
"725",0.953962867067371,-0.783480989995486,-0.866881538567813,2.25323534524472
"726",-0.90168090999968,-0.929986222940293,-1.34710653705474,-0.998513085010616
"727",-0.759551148469106,-0.844409915413341,-0.532042578410549,-0.434432108643673
"728",2.33070743308231,1.29375106967926,-0.00957599864368079,-1.87419421503035
"729",-0.044189003403612,0.0563072581269857,-0.567810494840965,-0.72071144593943
"730",-0.323158640462614,0.199748963646434,0.907744046098079,-0.000743352794809219
"731",0.990782714534389,-0.0286610738819166,2.25453717239002,0.743773035386827
"732",-1.00263508478744,-0.102309387861083,-0.877857390483424,1.66143137959477
"733",-2.44847315351228,-1.45809641030335,-0.739172964105658,0.302326163557659
"734",0.755544475235012,-0.893772171001729,-0.722274837282872,0.310677456198555
"735",0.119603550696809,0.0711421101783891,0.89662100129825,0.0406455446744852
"736",1.65959840112151,0.900566383717958,-0.697867368885136,0.523093032542349
"737",-0.0230668239059817,-0.311103990355892,-0.316238081297479,-1.06082810874564
"738",-0.819113275084596,-0.77756711258749,1.67316456287174,1.48883941250858
"739",-1.26031119116072,-0.31628874396256,-1.46925655423526,-0.841140362352975
"740",0.100093596275925,0.90973990419138,-0.4089845809954,0.859207852253075
"741",1.74671713178347,0.762286310895137,-0.190156215807372,-2.00678142894709
"742",-0.737024165986686,1.88279110982505,0.00597255838371854,-0.367048990685096
"743",0.820434427824911,-0.943673695845205,-0.276658715011453,-2.02331681842512
"744",0.278335929302068,-1.02214875745857,1.19416550871707,0.635116811390929
"745",-1.7472879778377,0.904344471650304,0.663638087387548,0.0888773431987045
"746",-1.12736350298139,-0.671136147877274,-0.0148704256834384,0.629664677181417
"747",2.00753708836301,0.386946787236139,1.13931301890453,0.949390528998395
"748",0.180847325090527,-0.834170454782801,0.088067889088188,0.980206289355691
"749",0.63396015571924,1.55514226112732,0.314873830567595,-0.986421536369692
"750",-0.672504400085852,0.368368391240201,-0.00617941403309916,0.0403561605450067
"751",-0.584479912485892,-0.229237538652976,-1.22291041292756,0.60880520490782
"752",1.1346872080986,-1.09752874946247,-0.860429127860166,-1.25078933139705
"753",0.143610002844876,-1.73095232232807,-1.06682904250989,0.53375846633048
"754",0.557369299453834,-0.310077633601402,1.29955706316982,-0.335222455156269
"755",0.944338070917932,-0.0729690679326593,-1.0723349573551,0.00863907470954829
"756",1.11404237142351,-0.341174941029804,-0.891272749296931,-2.08682983569379
"757",-0.105363523296606,-0.998781066793633,-0.482403281607667,0.587417717251322
"758",-0.568950494840524,0.475491992560842,-0.114494684771903,-0.346795519816156
"759",0.970317777379453,-0.000140317127322643,1.10049140432035,1.29045373126638
"760",0.507462921737674,1.25786832366013,1.34350084443662,2.88345571462746
"761",-0.631464305401281,0.700836532712413,0.517502927409395,-1.14869806719527
"762",0.18364765753504,0.850270921433088,0.631885590511557,-0.598234735747656
"763",-1.20299408348051,0.0487897837436437,1.74223125246192,-1.02568977375623
"764",-0.0227042704741879,-0.621770510575157,-0.483855249062038,0.663176936189503
"765",-0.845908550227457,0.31040605391865,-0.426286340706145,-0.19249921824493
"766",-0.0173400474395213,1.28966332734896,0.00577187980835092,-1.56634428706788
"767",-0.453328853113371,0.443620966726911,0.28934176258048,-0.596539299799577
"768",0.0169331289853398,-0.508081559040021,1.45263798539711,1.24357285657983
"769",0.841631708101965,0.987759181987698,-1.18233920640391,0.417485240995234
"770",1.98657005652175,0.205668189890804,-1.1729122218002,-2.14089105299322
"771",-0.61056564060876,-1.02555407853377,-1.52695217604969,-1.69480045706139
"772",-1.8449067633279,0.765852939385868,0.609137932352127,0.94030991769568
"773",-0.478828937522932,2.11905297962677,-1.09077445301029,-0.891763033536845
"774",-1.20910651859886,-0.718715091216954,0.940158379696213,0.433570257791091
"775",1.63315300716886,-1.4310975751164,0.674992456257155,-0.716826382945079
"776",-1.22423614655047,-0.605926930393762,0.048027066847928,0.168779587961746
"777",-0.890846344964473,0.634993932274455,0.294356889146852,-0.175175291216955
"778",-1.74461765677139,-0.0842292834130533,0.715719390338573,0.776444495890382
"779",0.0810837995175459,-0.72645153753643,1.27349278915266,-0.367191479956458
"780",-0.412215501065961,-0.26147679696088,0.342359692170373,0.928335213561882
"781",0.873158092748411,1.16820871261129,0.959982825143416,0.32591407100087
"782",0.676868087303628,-0.273046545383041,-1.57585801607741,-1.07414956486336
"783",-0.0895178816863202,0.950616649293216,-0.279765000068545,-1.51806173026299
"784",-0.726504411139921,-0.903192985946906,-0.20474381485751,-0.53757173473424
"785",0.498015639532127,0.736752055655478,-0.0266234991255069,0.476753446904582
"786",-1.00754363725441,-0.0123883745331654,0.690602605256272,-1.21246531239171
"787",-2.15522927253482,0.323477158055471,0.483143294640267,-0.56792208157083
"788",1.72216690705855,1.18633892130921,-0.0595953123464463,-1.72251042413255
"789",-1.4370332667777,2.85770904567799,-0.14217468009199,-0.124983659652295
"790",0.484247519933352,-1.39158350485738,-1.46495668013005,0.260345611626277
"791",0.614765573473859,0.784594977666743,-0.543673962710461,-0.202983567062466
"792",-0.568921571189604,0.209269538306141,0.334084295699443,-0.115648806076454
"793",-0.321793238145397,-1.73868634805206,-0.406307749001809,0.318517383862928
"794",1.76943117023291,-0.142944551052965,-0.84458828155146,0.59917974849717
"795",0.618465359719651,-2.16604367524964,1.48543417396308,-1.21157766520394
"796",-0.109470771568539,-1.39233055254826,-1.66731958652691,-0.435616803724515
"797",-0.12819259072044,1.52076773045765,-0.385049425230662,1.80331435804361
"798",0.95351423196362,1.6716481667801,-0.693031161307029,0.516042989588442
"799",-1.44317441008865,-0.0148441182536872,0.601035332321075,-0.577106581558359
"800",-0.015450699228624,0.417920377425926,-0.356238447299819,-1.97399044133558
"801",-0.249952180966813,1.45599093425171,-1.3760503313241,1.38126901609343
"802",-1.49913054663454,-1.64624498863573,-1.3278895502378,-1.14814044091705
"803",-0.793084965865676,1.08096079911452,-0.535761946720888,-1.07021303729783
"804",-0.65545128438277,2.540113956793,-0.392761864010941,-0.59388991748491
"805",-0.532187962097644,0.955400884278912,-1.10377323923531,0.411672030736004
"806",-1.15593229690707,-0.84494147769696,-0.472280050907082,0.00764360769015533
"807",-0.209390587410324,0.646617059509649,0.421856312028525,0.973429274010805
"808",0.315076047279649,0.286289253134493,1.25540659033488,-0.231723156599519
"809",-1.67909362301682,-1.42844754660866,1.52689450430587,2.03589096843533
"810",1.05964019304625,0.501276497760965,0.207397121364567,-0.563783031966019
"811",-0.956189525403473,-1.30187977277304,-0.374746572522112,0.0589318859013353
"812",-0.757806538085901,-0.787413857592857,-1.17800109324226,0.93011904236922
"813",-0.359244470316865,-0.365372574134792,-0.678567704178554,0.80860864376851
"814",-0.662927600373316,-0.533248111654146,0.378738284791091,-1.45094934072252
"815",-1.87832795108676,1.27769695755171,-0.130536848974269,1.25407899195528
"816",-0.708376831705313,-1.48515843669809,-0.455254457491445,0.281057154677368
"817",-1.45365631341977,-0.131877571483539,0.0633152153222697,1.610058036916
"818",1.54761855349544,1.25514802752012,0.370901661241358,-0.446400766493239
"819",1.2734882536872,0.67745658619657,0.929142833437305,-0.129520712660386
"820",-0.298115833228124,-0.703141370525776,0.836588067131125,-0.203629611294106
"821",-0.123388794054935,-1.57428697981519,-0.505313967552808,-0.244985844789053
"822",0.889049417227262,-1.0353025987354,-0.0708681257041448,0.637047503927341
"823",1.33460201372092,-1.37395743270361,1.0506972068634,-0.761241542416629
"824",0.3765117447677,0.472225224451058,0.503296510511182,0.698232691210501
"825",0.14742140657364,-1.61071645863568,2.09244261649193,1.34704843995317
"826",-1.32241036923115,0.685092814946455,-1.60676704477881,0.459674232773936
"827",-0.331956895508401,0.480912229223522,-0.473864739825692,0.0253610073085546
"828",-0.529644923460581,-0.203901431731111,-0.388578971767576,0.386494628206621
"829",0.0785901277401854,-1.25651450310002,0.604487562761831,0.432083891542156
"830",1.95824725713876,1.01462139278574,-0.0128224456230994,0.0711917419396631
"831",1.54519434717995,-0.146099727050442,0.428398828126727,-0.688271909914396
"832",-1.85057860424194,-0.894233520375117,-0.0536559849962582,-0.264562544027604
"833",0.0998230927323178,0.133179829137968,0.627047344791388,1.12579075540421
"834",-1.42057904731083,0.92508752723406,-0.149911353004089,1.80974542354333
"835",-0.0329380415922201,1.30135464826796,0.313107018830368,0.567448754837905
"836",-1.00963436151287,-0.404864602471566,-0.631323331392995,-0.517482713426632
"837",0.431417372398985,0.653570649655679,-1.17342493053412,-0.693847713639326
"838",-0.0988202780588795,-0.329008585508082,0.726991055111653,0.000937531345952887
"839",-0.256131137629842,-0.0876981616293017,-0.558965413232611,0.984944010299439
"840",0.923889811509751,-1.13177825719834,-0.673455573337854,0.51216703094621
"841",0.322090368128127,-0.0221494475772936,-1.99422542230902,1.17966903776144
"842",-2.77992549941739,-1.23673893002833,0.53397600169461,1.92930955584626
"843",0.193568351837502,0.206268822709173,0.61740475125375,0.22595122104732
"844",-1.25933252611345,1.14461417745358,-0.387747502627977,-0.747390715496664
"845",0.485706878610309,0.109014506249347,0.168837929323686,-0.70275177156644
"846",-0.0761939698981538,0.201173279230136,1.01573774547778,1.17515168860824
"847",0.200225849571836,-0.174304659045788,-0.495840270686349,-0.609516027622801
"848",-0.13026389597706,-1.00216661447424,1.14712231133108,0.297866715184224
"849",-0.937603464833879,-0.0122409841566045,0.792982164805622,2.11095586218387
"850",-0.283580884563859,-2.15013874203367,-0.619826356043446,0.189749020439426
"851",0.0823309874885909,-0.957737034003433,-0.651515466302298,1.06184494943361
"852",0.126454274601334,-0.716679904358766,0.327346281526858,-2.25246253976545
"853",1.36608356028006,-0.748740405879257,-1.49797508736509,-0.00751682061210083
"854",-0.577658112824652,-0.201607444250635,-1.34500778821002,1.17754159801881
"855",0.463345614490569,-0.714378154081917,-0.618761273543412,-0.470879312452294
"856",0.563741945235853,-0.344165097165297,0.380733799451537,0.710086645043932
"857",-1.54052598193509,-0.944586904293642,0.983841505875363,-3.94975208112416e-05
"858",-0.915380997427046,0.767169426833358,0.169502679152986,0.711925871410587
"859",-0.535656027590951,0.220984739536908,2.3560214672324,-1.28610518828226
"860",-1.16561393448225,0.458951975729343,1.09897505345517,-0.55054282528291
"861",-0.282706221720945,2.08209819898227,-0.726969943811793,0.19674675293644
"862",-0.690091012779767,0.368001525059209,1.84366091791967,-0.109882849384306
"863",-1.77388365744459,-1.02235828799866,-0.817801220052126,-0.205676377658803
"864",-1.16139434371223,2.24544197121233,-0.694074648685742,0.280734402636393
"865",1.77753235770639,-1.01918386618766,0.462495916873388,-1.33885379498216
"866",-1.8411656336667,0.711739549469523,-1.53447975966301,-1.10475749014206
"867",0.974021742755644,2.10798579258314,-2.12793297935496,1.04080426304789
"868",1.04994362578069,1.01231756551849,0.979428809632553,0.483548574939351
"869",-0.280501386687647,0.894990474620846,-0.432718521450987,0.381174403791628
"870",-1.75201020349549,-0.997342089982256,0.0463420952964027,-0.789016832209471
"871",1.00051903383681,-0.585834934885872,0.659876406489154,0.742716048485628
"872",0.514956945691053,0.203945869240922,0.119032457319513,1.08272860566377
"873",-0.52253128162135,-1.95684050580899,1.38901252122126,-0.964609413076989
"874",0.408974972084403,0.061577179877053,-1.37998675680592,0.525803765993548
"875",0.513773765236154,1.33312852854239,1.0939914587087,-0.94649444053016
"876",1.07492879767599,1.41817706255934,-1.64791727204164,0.980810616320764
"877",1.49598407919304,0.208447422314867,1.03627894487205,-1.49042150546217
"878",-1.0275329366044,-0.101179313356218,0.30345864473784,1.7501212588903
"879",-0.372048391826752,0.73275855476276,-0.162108623695659,-0.504188460713138
"880",1.22999356458601,-0.00591028841824939,-0.22056337679041,-1.44638671184721
"881",-0.0576490712214376,-1.13629870640337,0.904119754297547,-1.57117714761653
"882",-0.132373526871976,-0.869581803641465,-0.277543265650717,-1.04671900310566
"883",0.427772697436821,-0.645926359760366,0.0903486811515624,0.093953229053901
"884",1.57368407952553,-0.0642211365471862,0.910057629358123,0.70162793668264
"885",-0.302684087446547,0.579725771497381,-0.0500132590410796,-0.267269821227276
"886",-0.24683966043197,0.360437782654643,-2.96193973785732,0.910740916265045
"887",-0.123422985204398,-0.963743797453428,0.513641741959169,0.176292032221659
"888",0.673822850550617,-2.64372703708105,0.441025280326983,2.82551092604455
"889",0.195832125805138,-0.509766889004274,-0.0916535565396361,1.1625196466698
"890",-1.25611298837634,-0.39329102222585,-0.153889090854696,-1.8507102543239
"891",-0.304135370919306,1.02039183368642,-0.739854815080243,0.624646789038319
"892",-1.22872691446859,0.39782712191857,1.75742021416259,0.15134655265569
"893",-0.43908344928191,-1.6416898666672,0.145562803218236,-1.46296881936733
"894",-0.913888635536195,0.448919796700325,-0.757936421587781,0.383342607329291
"895",-1.13995322892247,2.70367587666891,-0.693834800739032,-0.964723372409654
"896",-1.85916362621092,-2.06870608964129,0.898085970629806,-0.310936463026264
"897",1.10038320899282,0.927660880957862,1.79888472085951,-0.96060546564134
"898",-1.55241098920416,0.464125803982228,-0.914578827768415,-0.0921629964773712
"899",-0.881370197735041,-0.445922050069463,-0.79391430748252,-1.33249705242359
"900",-0.423496652172452,0.69897591511529,-0.269986094546434,1.03088165952055
"901",1.02808656716036,1.00579412762948,-2.00412966808826,1.1828945273661
"902",-0.201490674605041,-0.83202353752996,0.698278909677768,-1.1665805073818
"903",0.175104327799478,0.912866373316171,-0.151316185926639,0.60521536709637
"904",-1.7702651676077,1.41437319893656,0.0609622206494567,-0.576080320025472
"905",-0.124640073347944,0.164048953442723,0.62430853695985,-1.89594995785042
"906",0.251143188154919,-0.381371369234431,-0.600697423427715,0.663309263717252
"907",-0.584166470262481,-2.78434259973893,-0.821144267780379,-0.372155332438937
"908",-0.623744734638809,-1.70323785385381,3.40014375234719,0.257337630463532
"909",0.728633544776967,-0.0229582159682143,0.920768924026953,-0.355921592001702
"910",0.0595333490115824,-0.32255094689638,-0.343405898116591,0.823737303538035
"911",1.32635781531686,-0.649493588896769,-0.626290371635173,-0.628440945772196
"912",-1.62301812166489,1.82088696141245,1.39218734739378,0.241245733749384
"913",1.33936397284098,0.419558442918934,-0.097476605373015,0.568947105102428
"914",1.74476062429872,0.136775174081878,0.847447670014483,-1.05232683607576
"915",-1.23083542024858,1.4100038110735,-0.195766680491913,0.00437208258404912
"916",-0.849185788486121,0.0748184008296718,0.153501124541081,-1.77392623792769
"917",-0.372019449447887,-1.74312157803773,1.29863244220946,0.269013907873484
"918",-0.0680188829075456,0.832156166905987,1.12681552926302,-1.99324596404385
"919",1.88396985576937,0.582738147580552,-1.38374617255225,2.84611221962481
"920",2.11412255595166,-0.228917165457215,-0.400555364250474,-0.262643493979223
"921",-1.58657402102719,0.258917935283329,0.743388820442861,-1.10146296133793
"922",0.695875844088239,0.122815734608901,-1.52570061420903,2.59869780821969
"923",-0.203533762374396,-1.16810576007143,0.924776823252418,0.774250394922961
"924",-0.312394423630536,-1.08835160492908,-0.488958336983228,0.24970765322708
"925",-0.50374026844001,0.798937592569116,1.50380218943009,-0.79317382402409
"926",0.987298795796743,-0.271745434543921,0.17573748747079,-1.1675733688095
"927",-0.144235017501802,0.00136702096053305,-2.38557725780579,0.52341754971372
"928",-1.75420770117989,-1.95458122988685,-0.675568169250454,-1.03188093999807
"929",-0.713433558675934,-0.497375589895589,0.961000571439489,-0.497649936230804
"930",0.597393747336016,0.167165734049524,-1.04558515229123,-0.878229135324783
"931",0.824837130969361,0.305815381619151,-0.790316580209545,-1.74347983234432
"932",-2.15340143021141,-0.7003968311316,-0.0829914040988838,-1.34601170060073
"933",-0.00810111320595061,0.273743407151687,-1.53302985971749,-0.789239559976585
"934",-1.48645936545736,-0.595049558938263,0.607452071459959,-1.37085219541474
"935",0.404809016801752,1.18946887743348,-0.672617800454682,0.783971722104331
"936",0.944884691481791,-1.25253307742104,0.495097290034217,-0.313394221012
"937",0.733544669851481,0.738154490962807,1.91203909346094,-0.811492855530189
"938",-0.384881312835958,0.311231558315476,-0.714102325577631,0.21298731958605
"939",-1.12884075951962,-0.105226368522522,-1.63330079827822,1.65059393541989
"940",-0.36210529503927,1.67271539543575,1.72827439787384,0.36891718255225
"941",-0.392422941354266,0.89488401629767,-1.5308087624447,-0.409830591589424
"942",0.25460980920469,-0.426317400953945,-0.0531148247972467,-0.0570505752335953
"943",-0.997346238765974,0.914021462338633,0.502953120075509,0.482768229213986
"944",1.01220541316306,0.0427778583754847,-1.71921387238933,-0.448850802543028
"945",-0.623119899405044,0.0209174015019327,1.14120697007907,-0.251849581267183
"946",0.367716341946656,-1.64459361682771,0.074731388955819,0.668461922545286
"947",-0.304101954614963,0.18902691087466,-1.6053970406277,-0.463722524636315
"948",-0.217478854739031,-2.17952592554541,-1.11949512495661,-1.05353576483632
"949",-0.521578458247208,0.623822448645446,1.47321872148669,1.40733120291193
"950",-0.772499006945006,0.567801776280176,0.0292504989239101,1.27870124891443
"951",-1.91558089352588,1.16214870639288,-0.595608610905309,-0.717725319385349
"952",2.31806559238346,2.44566483456089,2.30347638793215,-0.397755687817117
"953",-1.59352720193032,-0.620336606275355,1.14424193360995,1.92226966004218
"954",-1.06936448543777,0.0313437404077333,-0.315660764653608,2.25204820452413
"955",-1.73151928698319,-0.567685394169215,-1.0118797792177,0.234130282388998
"956",-0.634564487223675,-1.61217947924904,1.01609702219094,0.639564021339582
"957",0.116082524223205,0.372940994671753,2.1514486895338,1.27042257571637
"958",1.60468043063052,0.138717985940634,0.769035538446049,-2.25928759739538
"959",1.07701891313016,-0.98042837704182,0.754316946054624,1.25929110434692
"960",-0.606676550251536,0.47570703870217,0.26955632094755,0.496014219611615
"961",-1.38566146375418,-0.923827321757901,-0.685187121064924,-0.671302237471895
"962",1.07508874994027,0.421293946157095,0.228689879279799,1.23297477731055
"963",0.967407342756699,0.694041645538072,0.545912263177694,0.268653181462806
"964",0.465312197760839,-0.68588474863945,-0.597880667376803,-0.380488158425225
"965",1.83270952423625,0.294520862751923,-1.13525330881694,-0.812242588955248
"966",-2.31419269345783,-0.566460163766014,-0.138497461848259,-0.110253425024472
"967",0.583385585854429,-0.614362247944502,0.68346313095642,-0.0626397057213763
"968",-0.186143184675872,0.850479987104897,-0.85023366978491,1.11723260602354
"969",0.632373747600631,0.166081025552931,-0.107613034767561,-0.0642633547504435
"970",1.23552109042102,0.22852949052965,-1.19375750423031,0.278214558455667
"971",1.87085947069526,0.066369690887978,1.60463898590847,0.148730680184541
"972",0.64386481447885,-0.94019498870039,-0.0437180048705801,1.22389120854967
"973",-0.168390650563997,-1.21237744658498,1.52730363932285,-0.456385074471261
"974",-0.0829197142651015,1.60974411734353,0.927611598235877,-0.264107372784212
"975",-2.59162729071218,2.94393271997755,-1.11465004901,-0.137499397108169
"976",0.723904217463847,-1.26054188082743,-0.383250760323188,-0.585197748095263
"977",0.720096537424761,-0.155398086165603,0.492199746541193,-0.295505248951826
"978",-0.955488527487573,0.0217900292860877,-0.726428598488327,0.91428399220202
"979",-0.0585294786523081,-2.38872825897915,-1.08612522690025,-0.772585081991616
"980",-0.437377548924174,-0.595892109998121,-1.00393201690768,-1.48862129839092
"981",-0.0861011922769619,0.362476834983307,1.58979190506726,-0.640275001597084
"982",-1.0876275795517,0.966525108448337,-0.643104242996534,-0.276253854174562
"983",-1.04893236129519,2.47831133050002,-0.295807086578266,0.206823975371208
"984",-1.35940169291971,-0.296224403742837,1.45775797984067,-0.520149167318302
"985",-0.932364688763656,0.0364376155484128,0.443623804267008,1.59341829432626
"986",2.05922420717325,0.273636994948176,-1.12012939699254,-0.536702285596794
"987",-1.91644627281905,1.75013853802602,0.408253392163686,-1.41719897647812
"988",0.375608909889076,0.987670744665667,0.907954497080018,-1.61933732369497
"989",-2.37421318108232,2.22477747053682,-0.226779516656293,0.892209571061493
"990",-0.784529724251243,-0.175187627634689,-0.234913290476601,-0.499355562949787
"991",-0.826524059121223,-0.68025727695332,-0.882264078125485,2.35496683952461
"992",0.610231227162529,0.662363545310663,-0.136465674608077,-0.866204958767852
"993",-0.726171803716845,1.8079771342374,-1.50344589110332,0.0611788743518974
"994",-0.351158196736965,-0.240460437950374,1.40732445097731,-0.870967252817324
"995",-0.0331547439744677,1.39777393031267,0.949159062779457,-0.566895192317601
"996",-2.46681433522075,0.611556250767099,-0.0554288041125858,-2.25113676705416
"997",-1.06013589934172,-0.298488957271107,0.0771932007006776,1.69176183270997
"998",-1.08352174994449,-1.88670440719449,0.633607480701883,-2.04858834386669
"999",0.0252026859524267,-0.462557295998098,1.42546738869291,-0.548208936845197
"1000",1.28886406507398,0.646206195137326,-1.16108100952701,-0.695830493068522
