"","v1","v2","v3","v4"
"1",-0.753614056962931,-0.758829687685527,-0.569033972467604,-2.04205663858571
"2",0.666862553236955,-0.782258186657198,1.76922647020811,0.21815011613899
"3",-0.797820881397709,-0.00335886333640515,-0.316896739149773,-0.1745975075016
"4",-1.24555673341007,-1.01953290623843,-1.0356518811145,-0.14363391783845
"5",-1.15143116558637,-0.149222847053027,-2.36303055824777,-0.154587358745396
"6",0.196697449917952,0.148420373022015,0.482258770163805,-1.58999574974345
"7",0.823719616387549,-1.74042761646911,0.50809044545715,-1.66897860805128
"8",0.610567204738528,-0.364687712521087,-0.701119600464027,-0.343006472621579
"9",-0.733557157772404,1.3146369918115,-0.0904716865394217,-0.184204963437304
"10",0.23163629137453,0.515627335396623,0.254818489367523,1.05349336935381
"11",1.84651675349424,0.0263507504379441,1.17966853085644,-0.426995432717073
"12",-0.699249950920728,0.836266211870475,-0.40219245461365,0.849198825051883
"13",-0.0481407753055935,-0.861705780181914,0.458299475129676,0.416187189302749
"14",-0.32434064828689,-0.770026995636956,-0.307705304769568,-1.25464059653178
"15",0.250544056100862,-0.810447840380353,0.375579014293852,-1.09997134439889
"16",-1.53007059330803,-0.939612637672594,0.203329067671459,-0.340893637162067
"17",-0.942921351820435,0.455989882754231,-0.993793032044407,0.994970729062739
"18",-0.598397319444861,-0.225009646081757,1.34481976319866,0.13499665371555
"19",-1.00094662643101,0.814072365039994,-0.415554346813185,0.797804262004654
"20",1.9134715425498,0.969389378575505,0.0300799031770642,-1.11695303645694
"21",0.145077639501705,-0.20228235150763,0.527515342074634,0.0492519229317642
"22",1.00442018940042,-1.16158402816132,-0.681227392196379,-0.551972210891521
"23",-1.26527475462139,0.737927864192651,-0.0046490711561682,0.35184480359662
"24",0.168531187521536,0.495485202144446,-0.934366348380715,0.580027750523868
"25",1.78889572546411,0.501108241083098,0.831488116634895,-1.5521819223098
"26",-0.759099254605397,0.990287704690229,0.582384459799853,-1.1075245604987
"27",0.33393509971752,0.163899573036105,-0.191078571684838,0.190374351187284
"28",-0.0223137360928023,0.431087930904154,-0.629454326758236,0.694399373240263
"29",-2.22135907966045,1.75521580265701,2.15042992328951,-0.912786683954421
"30",-1.2816800077596,1.76111960095162,0.308504932409573,0.0524076590248548
"31",1.07833021158697,-0.246710389759255,0.911697097779477,1.07209977281882
"32",0.204232291177174,-0.630274231130204,-0.289612912014463,-0.0765785501115642
"33",-0.468478678912759,-2.86577291529052,0.576979285168274,0.856930645312096
"34",-0.953768607070689,-0.829114500916508,0.611537078635372,0.104141909562278
"35",-1.77375267433898,0.721727941528383,-0.0764595553585636,-1.51641116282746
"36",-1.73444422652795,-0.726879190199092,0.0920941747147698,0.00646508109441031
"37",0.399214229908071,-0.0632306335724938,-0.684394600145514,-0.0771156461531853
"38",1.26177789968254,0.283937390846175,1.34585202404522,-1.05426400861712
"39",0.300828566963561,-0.290676166148516,1.15939948671297,0.997473653984082
"40",1.68594938262275,0.967431079260536,0.333423343574404,-0.695534859898282
"41",-0.71767930126324,0.256922901050004,0.229197113844451,-1.16354995271862
"42",0.0461606176440594,0.119641430915146,-0.169293523861248,-2.13527562454916
"43",0.689457091987385,0.401214140355714,-0.121739898077977,-0.863549842112422
"44",-2.52302682089358,-1.54591198275852,1.03820981154903,-0.995712971716808
"45",-2.2720374687761,0.731213022166492,0.814731361507076,-0.905382747761673
"46",0.828786056918246,-1.31828504522151,0.787074268662099,0.677991461122188
"47",-0.558782005231449,0.665377327962362,-0.158093687701647,-0.852018670793224
"48",-1.32757720340442,1.31360989364125,-2.80402888117053,-0.9680189855245
"49",0.331199819282688,-0.825386299019534,-0.505148169503008,0.219344010124061
"50",-2.46493604565254,1.1912990206747,-0.188921164286088,-0.788848245740083
"51",1.15909463495222,0.129791568241458,-1.19742641611579,-0.436799482406714
"52",-0.894752084711184,-0.170976266093143,1.32483949792644,0.110187896249015
"53",0.313960357558124,-0.157589153869141,-0.177933544434908,-1.43810721715619
"54",-1.79126687978874,2.6634053104383,-0.0552139502551037,-1.42652679803952
"55",-0.651599747659719,-0.453000024889875,1.08545706175849,-2.51049877152771
"56",0.906363930909871,0.923134094978831,0.380864689645559,0.836999057686761
"57",0.201683807448784,0.711854318498529,0.784257748767686,-0.577373591449538
"58",0.879757817123979,0.907255946472052,-1.25096673520856,-0.245151827827521
"59",-0.0267776895447734,-0.539526186115241,-0.0185938191897719,1.60787914494618
"60",-0.220013579088019,-0.283180560256705,1.24830282444166,-0.547027087589918
"61",-0.229469816565801,0.0871800016439262,-0.29152643469565,-0.111520136409811
"62",-3.15550249601867,-0.526831622488003,0.671985632259544,0.196712339429215
"63",0.0475844504767748,0.118924848232604,1.92837110391871,-0.681841372370911
"64",-0.752944363287431,-0.995356033957826,1.23135006623164,-0.313937375121887
"65",0.554852157970653,0.210107426610249,0.618364939181853,-1.07758010857662
"66",-0.711049000140022,1.33177293095323,-0.508999415916174,0.373851253340626
"67",0.155982635941831,-1.30228812195952,-0.0308418112485071,0.428724222838644
"68",1.60077019988183,0.110735292996653,0.854106669291659,0.909751863653995
"69",1.18501168730077,0.607560273027388,1.24263884750919,1.38646767456125
"70",-0.446628858497695,2.09843936215061,0.369974016290729,1.87249915447474
"71",0.803276860497167,-1.64841910472922,0.211669135192098,-0.517037743380756
"72",0.0917537571792936,1.45025088683643,0.612940054657763,0.490249546665612
"73",0.660714031118304,1.60041823607044,0.838259937340381,-2.42560446162887
"74",0.0481752159309735,-0.773459324039869,0.372818509454844,-0.866457244161391
"75",-0.366411099428896,-0.194203107220889,-1.93448331818193,-1.88041810535672
"76",0.118360446938328,-0.776446395968116,0.687426128171535,-1.05280230372978
"77",0.256285385828134,1.61632675520187,0.417174058386389,1.14727597904467
"78",-0.758119508436062,1.28614213214277,0.0430593185660416,-0.603269735903839
"79",1.89687924916392,0.910657589755926,1.14556455063818,1.27869218551756
"80",1.64437769242298,-0.0272665127147181,1.22187754261264,-1.45806407480831
"81",-0.427477508520262,0.315402658627754,-1.56150056411265,-0.488220723651346
"82",1.06415570529339,0.93005984549538,-0.823743744488478,1.65787461531231
"83",0.483744655712024,-1.23386146524785,0.14296478610211,-0.355782989958127
"84",0.704130170433261,1.07225525461716,1.06991227839129,0.135149264129488
"85",1.02557008096501,0.191445219586522,0.435779944658175,-0.147033139965713
"86",0.494064250144753,0.550610768999007,0.0324056944317657,0.806580968808969
"87",1.49585740515169,-1.11748269956438,-0.803807610168263,0.627283894116343
"88",0.177747995603229,0.215069621315494,-0.643109530065791,-1.43944848218996
"89",-0.184542884551679,0.153271857764822,-1.77824769829502,-0.0518276684198371
"90",-1.0008942272106,0.142038284597517,1.30402731512322,0.345989894560575
"91",-0.300771083937924,1.68830642088676,-0.0499920534299861,-0.503760737299575
"92",0.726593400505838,1.49763513582741,0.677988627567385,1.0607595046683
"93",-0.566433948863173,-1.03164202195672,0.781888480351189,-0.887847332574188
"94",0.621079255527149,-0.000485819389026197,-0.141822349854192,-0.51758248621703
"95",1.14707172576776,-1.48043007139109,-0.216253716179195,0.161804118137141
"96",1.35683326460316,-1.16928158721958,-1.00186042865397,-0.774669403364677
"97",0.0242082753161028,-2.73026745600658,-0.115951331372751,0.384469643802144
"98",0.1493131418131,-0.823106332734104,0.765901504018275,0.663776421054783
"99",1.08287603124931,0.0986321842181537,-0.203386079311925,0.569183610073412
"100",-0.0472100391815739,-0.271973318690831,-2.14458673161438,0.123361320147144
"101",0.495706218202118,0.00955272917837194,-0.349913224043684,0.267041072671044
"102",-0.427376344890187,0.0643939067736382,0.0955418781716062,-0.105801242242693
"103",0.061443594975034,0.571048931790296,-1.07886726840893,-0.95192175624618
"104",0.0858178478951124,-0.497663189452573,-0.24925331998298,0.030983331415721
"105",0.111890332097234,2.0007302897973,0.401421443640405,0.432305575305666
"106",0.0697547332785698,-0.149651369461443,-1.45579755457219,0.14774697074038
"107",-1.49083116066868,-1.72434925010946,-1.23527378615948,-0.214592567563167
"108",-1.57732438636546,-1.09211569233728,-1.17118810837683,-2.81359980455053
"109",-0.562235110502813,-0.855176756888535,-0.235813225593772,1.48964869689989
"110",-1.93887495182254,-0.17788914583966,0.650775370603864,-1.28609144939311
"111",-0.329351949191725,0.679055916139778,1.13354353072444,0.672150789446489
"112",-0.655942089545476,-0.850012895384699,-1.11827879930013,1.9950895790772
"113",1.20468322135059,-0.195063713071492,0.655725677511628,0.423225149492568
"114",-0.274520135227395,-0.406051648317565,0.185640190269228,-0.870050677979827
"115",0.903648568778258,0.00687899122714594,0.113170658869941,1.26479389013885
"116",-0.0846076116944008,0.977991283185371,0.240825982969631,0.0157268233773124
"117",1.2808976747179,0.567020431194817,0.0968391910824967,1.49796866321521
"118",0.683426612312375,-0.562062592937644,0.696804986366549,-0.792533067572471
"119",1.58437083342838,0.00101565479606148,0.577152764208625,-0.496491467330483
"120",0.311610480829066,0.786547620996774,-1.10199973754296,-0.913755830958764
"121",-0.0207251398769517,-0.0546909210302728,2.31765454893533,1.6423326980975
"122",-1.15122040775758,-0.235899356557031,1.9461488631942,-0.451135433244361
"123",-1.63470576088513,-1.19136561250901,-0.490789087529596,-2.45537558840327
"124",-0.920576071942461,-0.483052781336586,0.055209888711041,1.69050431797307
"125",0.16585191031758,1.24900115596505,-0.0866900075779919,1.14858585725769
"126",0.0103860078378588,-0.0473245422711787,-0.00322928288665534,1.81316706928667
"127",-0.982027266675432,-0.655661514586024,0.644990936144935,0.746555003419736
"128",0.0872594003531197,-1.380930193999,0.476872197717541,-0.462547279265884
"129",0.460743547906778,-0.655497800394749,1.173469597653,-0.258854624780158
"130",-0.239772439295501,-0.380998549920647,0.245716458591716,-1.05212776030605
"131",1.45261903118001,-1.98653773015748,-0.873803853955865,0.68359164990873
"132",-0.712763998482754,-0.627712805334069,0.550933328094891,0.487726415585421
"133",-1.25940435583031,0.287369657642307,-0.210898010302479,0.89674021653142
"134",1.54685804501055,-0.719133768337596,1.76978158813014,-0.517943864126992
"135",-0.663733010017441,0.76561802730733,1.00801422822653,0.564147086244647
"136",0.0720180336731618,0.689844912024175,0.284276843199917,0.442921974362812
"137",-0.983232586386526,0.820050412939461,-0.612911890248478,0.270177646532791
"138",-1.54194994247374,0.693939749815792,0.695045705010907,-1.04365097295361
"139",0.0229139677087597,-0.0800805452495345,-1.20612416913514,-0.313968564032012
"140",1.17948654172182,-2.25689873305241,-0.61824779814135,0.531834128409708
"141",0.251947697190272,0.216276006814647,-1.57431877469047,-0.0592323800807861
"142",0.531278575134584,-1.40220274695972,0.220845369798843,0.886845983351043
"143",-0.624694707584486,0.00632657737157007,-0.82596235562111,-1.37495765255222
"144",-1.18730336582927,0.228351771472688,-0.216449965318295,1.31906707016974
"145",-0.760986593782564,1.24892713899935,0.761101761935629,1.28126637355277
"146",-1.10976408115265,-1.50357422688915,1.14982957189668,1.51484060716259
"147",2.06175024603105,0.593349632800301,0.838411794632009,-1.59960254818808
"148",-0.498729746657556,2.19200435722113,-2.45471761999115,1.3946695447876
"149",-0.81752132206166,0.351990229688305,1.13751481938825,0.846080994627033
"150",-0.162954380188031,-1.21385927390032,1.32830832372341,0.396926327889949
"151",1.39835886129067,-0.731964703201329,-1.16538742354558,1.00678769557015
"152",0.230897900052591,0.219032642908698,-1.56804155145608,2.82781702251704
"153",1.27943057871689,1.67681538642485,-1.20597358188053,-0.735931059215676
"154",0.815691954232526,0.821253264880566,1.07439187595716,1.22668149495503
"155",-0.677606108596505,0.797655810093,1.39457430291692,-0.812553524313341
"156",-0.388957449673721,-1.69033294168489,-1.08700260779302,1.87322750841876
"157",-0.997947275528795,0.401916014706229,0.704369835945779,0.0772596678439531
"158",0.561313968274505,-1.21571346261823,0.543632179635076,0.277024709154482
"159",0.364225886111556,0.285985993909386,-0.220583768713618,0.35018722886908
"160",1.82989171911012,-0.129049417836792,-0.993949727147127,1.38209576201469
"161",1.00273378526773,-0.415780157156189,-0.575449898073816,0.286336568465064
"162",1.09953221365398,0.0865315144584499,0.111796461975148,0.673938343431865
"163",1.28346740184395,-0.185665892505478,1.26559111783297,0.930168876873301
"164",2.54978645210758,1.82027693771222,-1.33062876348884,-0.777949278253516
"165",0.249859034561616,0.482625911508535,-1.05909085941097,-0.0424301201761843
"166",1.09874615005702,-1.36720896309197,1.95728519786732,0.69385107421017
"167",-1.50729753781511,1.52167707343469,-0.899313333804128,-0.44729813691551
"168",1.85447685716061,-1.00342706010563,-1.16692832088816,-0.833684787884288
"169",-0.74837070937213,-0.3270306578685,0.664445742178861,-0.867114714000186
"170",-1.52146354004783,-0.12020686144737,-0.835618098717863,-2.02081444603634
"171",0.491044057634613,0.412493376612202,1.58169566496276,0.119335513581648
"172",-1.4659008956029,0.243549969228288,0.125159473160827,-0.986400427604557
"173",-0.270151677352074,-0.787187967535068,0.134180663048895,-0.89138695016247
"174",0.0130430685022836,0.480067821489136,1.39460822859983,-0.618950322405075
"175",0.0640895174203949,-0.806688523234298,-1.05855272289368,1.24956101918943
"176",-1.14462990647929,-1.70180610983956,-1.64860795970152,-1.31665698262493
"177",0.89906891297138,-0.539651947270149,-0.239147977796238,-0.404433209732147
"178",0.695324626454028,1.67319154278651,-0.540657635190066,0.584654761311371
"179",-1.2751621262045,0.875766690594323,1.00215203585904,1.08524571597038
"180",0.265664437423503,2.39070846037128,-1.50320094361413,-0.98646623643886
"181",1.37659483660889,-0.627027113206247,-1.01252008725067,-1.24851907881231
"182",-2.12734367465953,0.00753546354475173,0.500605161338661,0.255372820058106
"183",2.38064698287872,0.921874015794194,-1.19975895333118,-0.97353340173651
"184",1.2547287859987,-0.18719313366493,0.391057711218528,1.2531013613763
"185",0.802782069249687,1.83038596855418,-1.10721924074171,0.242202351128159
"186",-0.697993374269465,0.842902092728732,-0.349495048689391,-0.506375396946145
"187",-0.770119939185727,1.60794056063357,-0.648544311384502,1.7267058246754
"188",0.207500264236282,-0.418747585846694,-0.432832108527442,-0.345250440691802
"189",0.653442265657255,1.39137373027062,0.718271982831951,0.309360126531834
"190",-1.98727723920218,-0.483686142213894,0.98532786614752,-1.85405261237365
"191",1.79304682554605,-1.27239212896527,1.08839394801843,-1.3145482187293
"192",-0.780246170275175,-1.19111336038621,-0.539638681295256,1.09623721383961
"193",1.29064182922756,0.131678892558495,0.186999843084925,-0.559128627780849
"194",1.26702074426876,0.698329351077029,-0.583446987493613,0.282764347899182
"195",-0.0423319196510616,0.483462489729923,0.543056746085108,0.106513552161472
"196",-0.904471508919221,-0.198395973036375,-0.280751986606081,0.0835348931531723
"197",0.580723411295403,1.44816008811307,-1.11971580677051,1.26814835881542
"198",-1.04278632461915,-2.0664410210989,-0.00760738186119733,0.0869539984359325
"199",1.81670956243517,0.361695733283803,-0.631874495337972,-0.207199660232646
"200",-1.01571342697312,1.45510990141617,-0.791875613977952,0.275228093329896
"201",-0.529222002761013,-1.87181802236607,-0.102052495154161,0.735536124901378
"202",1.16650866502598,-0.185561355052421,-0.095738491617585,0.315202085139799
"203",0.284761372985595,0.0819951519498357,1.97064077291477,0.444930373546795
"204",2.2276545760283,0.28645621747373,1.11818387606144,-0.0433390213978023
"205",-0.898177482151964,1.2096339739018,-0.139624379597818,0.307004248715581
"206",-1.00424229970565,0.906090223162068,-0.875609186147203,0.467563290764955
"207",-0.624178119091963,-0.516743907428592,-0.204390676204787,0.320156356287202
"208",-0.875390821226437,0.266568630293686,-1.00476318844089,-0.385979011880215
"209",1.96634297496576,0.591247097063746,0.160042666629,-0.376391103415758
"210",0.299256972778949,0.742097127808579,-0.16764331047949,-1.77375201115891
"211",1.61560603364623,-0.901638409632866,-0.109904537512203,0.0987556108794694
"212",0.466343773258159,-0.661234804997024,0.923024961046328,-1.11574601795073
"213",-1.611358844967,-0.321162169012407,-0.502504366590126,-0.0622796576220698
"214",-0.528756674110681,-0.307062379009628,0.138268296353886,2.17088356742393
"215",-0.658594962938863,1.85470281610883,0.090740488641829,-1.2008013178537
"216",-1.52251947431528,1.20265691482613,0.0332591978106435,1.58549300909269
"217",-0.281003915211065,-0.898767874770614,1.31663416593749,1.01169050098597
"218",0.0905352961972682,-0.766026760525257,-1.37012099424716,-0.255680378444445
"219",-0.325174280286244,-0.392132616979612,1.10738342688568,2.35865276362774
"220",0.536428908066667,-1.63591304688678,0.418461246583149,-0.752481163206981
"221",-0.581790995231817,-2.07302367548424,2.66533936709118,-0.148762544474633
"222",-0.869317724751961,0.541476674751792,0.971612762126485,-0.548030629472416
"223",-0.184679458550882,-0.929025244899837,0.192116547998927,-0.541351723673535
"224",-0.0508551817426887,-2.00917904436918,0.620956067088706,-0.749223866732196
"225",-0.158588805390254,-2.14417953782707,-0.304336747054544,-0.0600817016085015
"226",-0.993525755642832,-0.687392173869936,1.55569704703592,1.35076487393322
"227",0.265727516840801,1.02318553656332,0.969604011975937,-0.248489915649921
"228",1.49384761475163,-0.581212848115377,-1.26626810069604,0.558335340512679
"229",0.691260160200336,0.234311191555063,1.47217461038965,-1.71541229622547
"230",0.865377008162988,0.631162832587838,0.862143405749226,-0.355399839029599
"231",0.0202087774763563,-0.368294549864657,0.488223131096348,-0.763025318821308
"232",0.566200437002564,1.64520365841329,-1.12046849275823,1.0192210367353
"233",0.863883868289828,-2.58800763109067,2.41847004868897,-0.138323415782943
"234",-1.70867449383669,-0.666352894179574,-0.0682796200178982,1.21769055587132
"235",0.45907881626454,0.829928210064833,-0.33106501639355,-0.77897217608601
"236",-0.0775390328646708,-1.365076150273,-2.11869780794693,0.302082172156973
"237",-1.01140780998519,0.425463221864732,0.609712617024959,-0.635045026276159
"238",0.37865686846972,-0.97821172815905,-1.57642502500394,1.6216308773758
"239",0.273994849048221,-0.395175047955664,-0.536551874154092,-1.30689819438142
"240",1.36255641420962,1.88332116908652,-1.44757952777291,0.0127459782174116
"241",2.37566024200319,0.978606212676148,1.23580014212781,0.898012495607627
"242",0.994233907095227,-0.787606858257801,2.77197784716586,-0.93602146630025
"243",0.21102425644217,-0.599541898933992,-0.705580159202885,-1.03620470729738
"244",1.60030774795992,-1.26071501770281,-1.01802028706203,0.713084223039791
"245",-1.82860109114218,-0.266429959340594,0.30792003031437,-0.321401698664203
"246",0.312595036402121,-2.23443226512618,0.895902691767657,1.00168989118824
"247",1.10883572052459,-1.6600714208549,0.446872596334712,-1.11721924473827
"248",-0.330356562879649,-0.75273268320497,-0.087789167164438,0.893645612779764
"249",0.309884433060876,-0.392507759840155,0.422734727617464,-0.203276319596895
"250",-0.836429243428561,-0.0650524678049323,0.520969117807731,-0.633384517250988
"251",-0.480713519828425,-0.324579678089818,0.173342923963549,-0.130682939659106
"252",0.328588108435237,-0.894074051669292,-0.623483280725675,0.976989078783658
"253",-0.225264735223662,1.45937795280879,0.560517326184853,-0.874111935853013
"254",-0.732363260867958,-1.64382450033219,-0.051083079515134,-0.675829223891668
"255",0.882590515882155,0.852850542960465,0.901363472363687,-1.04545041220457
"256",-0.00787955714898978,-0.321593950812482,-0.147120025529393,0.634177915860632
"257",-0.421621920679636,0.632795780737781,-2.13612731428348,-1.17794155014676
"258",0.34092324210271,-0.238847531135274,-1.3063552222825,-1.50909659540488
"259",-1.064401411358,0.353010337864927,0.336109622084114,-0.953480070111394
"260",-0.839551779068678,-0.266362829717355,0.127054166450046,-0.533325255366067
"261",1.23395439513533,-1.95951563136031,-0.0136087655204353,0.563669107344321
"262",0.398614139305565,0.0347815088247813,-0.528201739872485,-0.0700506733700738
"263",0.338460149189433,-1.69584347371551,-0.549384345536893,-0.481898360593029
"264",-0.731977455582315,0.141516542048329,-0.580537259472505,-0.0989611865724783
"265",1.66797760565425,1.06084683007643,-0.774729122644381,0.846131182586154
"266",0.675205075098996,0.297307489900213,-1.06571489996945,0.594937714832296
"267",0.0144446417523876,0.311501959199426,1.30401645546246,1.22479793859048
"268",-0.833966952130388,-0.609781155458483,0.135584236555775,-0.0386373709001097
"269",-0.592723319594473,1.83932750642472,-0.438313404367852,0.192270625096112
"270",-0.798648352460182,0.581166241031744,-1.63518953891797,0.416225824474035
"271",-0.708865752467722,-0.436795597753508,-0.326763509610326,0.555436205592315
"272",1.52320290247843,-2.89073429189886,0.85557928694386,1.07219749732099
"273",0.236914067614555,-0.913268439342175,-0.0236849968122587,0.985333407952777
"274",0.288660683523408,-0.627784915135866,-0.758810751258321,0.961672593188546
"275",-1.03164664325743,-0.965748096910348,-0.214355494208698,-0.119319410352183
"276",-1.13367272911392,-0.10756259038842,0.0298925727726832,1.40377538217445
"277",1.4694961328897,-0.696155079876843,1.13449820806247,-3.24864046223181
"278",1.08527338324262,0.365547029037542,-0.808732978597725,0.680081779995057
"279",0.331170550826219,-0.609923296677236,1.97305453509469,-0.179008069732682
"280",-1.33819394398724,-1.4768954904669,0.402259070456544,-2.27479430608798
"281",-1.32427312684153,0.114738960517941,1.48672539481465,0.00364792467595973
"282",-0.676840640262564,-0.587768366571847,-0.422309031216133,1.0777974841944
"283",0.794153476715135,-1.38550969905215,0.863500844380949,0.688570271775709
"284",0.337497039380111,-0.0663884315521569,0.747030145953787,0.00707832935363885
"285",1.37643392944858,0.41773872791974,0.238727424240536,-0.304877814623735
"286",2.16386847433599,1.5522367822265,-0.402554301044652,0.841928048125382
"287",-0.991096559905665,1.52006510961312,-1.6663502942939,0.139349839688214
"288",0.905214645727411,0.0303121802132237,-1.34199766860549,-0.0113589748658847
"289",-0.0354999923050883,-1.51687027076507,0.924907362609375,-3.22098975479697
"290",-0.714193610432308,0.56108081450153,-0.486278971130477,0.746651237357325
"291",-1.39170270690107,-0.963529960276284,-1.59426231981087,0.784212014550363
"292",0.536099770001966,-1.63214065083031,-0.254580362662221,-0.00391504873566107
"293",-0.639957947006194,-0.872624360861031,0.775480813645866,-0.223020307638774
"294",1.02428970406243,1.19155000224717,0.802695008746022,-0.702950494454904
"295",0.401956354824706,-1.0148706322221,2.25178402399428,-0.455201900552407
"296",-0.33742132607419,-0.809982229066671,0.509856289436983,0.65066937059231
"297",0.485775692885925,1.63384190342247,-1.18794843873691,-1.60423089982355
"298",-0.545359472171933,0.75994721059009,-0.130516028833235,-0.899527792579517
"299",-0.115084232852601,-0.696210596176522,1.02567597263303,1.27971246796095
"300",1.22930232127974,-0.926026654130025,-0.540354406460499,0.829981422884156
"301",-1.26129195472786,0.0410843480955682,-1.41521945346557,-0.906605295706181
"302",-1.06265338881376,-0.203301393181383,0.079215427282775,-0.825927112888191
"303",1.00979480892377,0.0925250132746922,2.92079887408063,0.949628108692837
"304",-0.709971605525344,2.15614437412637,-1.58022774525734,1.31955822165
"305",-0.0757963474972865,-1.62895990695848,0.933481808693363,0.59932799827705
"306",-0.679681071481722,0.187534424839515,0.127065555959078,2.22694195968887
"307",-0.349850714825039,0.21484796719716,-0.221698367257201,-1.43410739687598
"308",-0.0997493179951474,1.11674210397798,-0.299886036571467,-1.55689784218891
"309",-0.602587591115696,-0.717086460486321,-1.16177223874512,-2.41984964042036
"310",0.764127864057842,0.447015814812607,-0.0101881179053653,-0.0800359570906196
"311",1.09184561557877,-0.37782004027087,0.00444790050969721,1.00380236140253
"312",0.968708329190525,-0.302694124833317,0.0150336863366117,2.19097798763875
"313",0.0320440448637364,-0.430401264711502,-0.866019365436586,2.74418122701233
"314",-0.955939986005816,1.68390015186448,-0.170104798184536,-2.23757476158753
"315",0.188182815527354,1.37631523832681,-0.232037306403969,0.617199715077792
"316",-1.81019221449228,-1.36399725114753,1.25255762336973,-0.899081006964786
"317",-0.411135258994431,0.21221338121435,0.339037043612222,-1.40354457555195
"318",-0.166156874571647,0.678440438287676,-0.765863117758509,-0.955077340372878
"319",-0.628055636636569,0.966219709153954,0.716905728847438,-0.497099816092751
"320",0.402292369659491,0.376257755459689,0.139507319354424,0.715521263453094
"321",0.436759438662511,-0.816068283192314,-1.44761495044346,1.21292445967974
"322",0.6372079064005,0.157834938897772,-0.224966139349545,-1.69432061504398
"323",-0.919217267292112,2.14208148315982,-0.82361669386272,-1.33907820049833
"324",-0.940400407194554,-0.0209679880978237,-0.817410040378535,-0.694667283956277
"325",-1.42695666836942,-0.0184488830388055,-1.34366119396389,-0.419064434236718
"326",-0.000656689326096923,0.711701319611556,0.4851402620604,-1.16258362287242
"327",0.597426093800271,-0.0190940170137827,0.0961108665102538,-0.024992368376773
"328",0.763528502203917,0.301870437403811,-0.42117382832596,0.743220701335726
"329",1.36942130321149,0.363715571027157,0.65089749211472,0.268073810331611
"330",-1.7124584784381,-0.0577282629468646,1.47330436111665,-0.558581220181077
"331",-0.175026283315597,-0.34035503318878,-0.891072545376557,0.818158688223901
"332",0.16756096700808,0.0627158221135116,0.497568634416193,1.22553803270648
"333",0.216728652163188,-0.980420570942758,1.7148149957498,1.30078753087283
"334",-0.247270770906443,-0.0588522028516801,1.02403784637797,0.0329185437080398
"335",-0.320931149846646,0.0614037343453554,-0.493231781174726,-1.34885913468293
"336",0.502633157407698,-0.645430876389637,-0.962948538623345,-0.0451595257120366
"337",0.851123845601136,-1.24147177393427,-0.906852623084382,0.368181380826946
"338",0.819333528574401,-0.495741061477735,-0.997505226803337,-0.70738855333648
"339",-0.21843099288999,-0.225186917586617,1.40124576212133,-0.644102324584877
"340",-0.200190277360866,0.510816162161273,-0.275672296093356,-0.918363026399542
"341",-0.39035717802379,-0.574894738296557,-0.979536260665902,0.513900269042539
"342",0.639792906619258,-1.20364814403409,-1.08069615531887,0.893930326855249
"343",1.05210724028963,-0.438012042869696,0.8762822432778,-1.65441878161287
"344",0.171071232633044,-1.82146820203093,1.73938723827192,-0.202282727947652
"345",0.137522681444639,0.484703514315939,0.699887006402063,-0.0595675584765491
"346",1.58927571009539,-0.245436200537254,-0.822723332951581,2.11210438792613
"347",-1.34905174713572,-2.72553427972646,-0.358930808438286,-0.313435156551726
"348",-1.3288152734749,-0.0723786726548552,-0.380916135419439,-0.193563122248746
"349",-0.877279378200522,0.502830744142511,1.66662167860184,0.386035530914194
"350",-1.11404773027076,0.607482374869941,-1.24926001044339,0.190261332289704
"351",0.283184898085661,0.0129668522109703,0.0230932174311166,-0.407688100125442
"352",-0.0946853550135548,0.452262017361718,0.464306360944465,1.2442087723479
"353",-0.144664596847187,-0.105767349150822,0.242540921717028,0.166119337578281
"354",-1.75254199560215,-0.0210685618516968,1.45991760869657,1.5760907993527
"355",-0.76299703747465,-1.35779524386934,-0.00626376966921371,0.0677149951193498
"356",-1.61344686034321,-0.850141750663847,0.803205824926592,1.10249388603812
"357",0.650754170119616,0.0632872058616331,2.42679404124013,-0.170052273405956
"358",-1.05981948494246,0.342329522880576,0.22926747469217,-0.416623625875581
"359",0.820681768404259,0.263782544498147,-0.248776625615128,-0.618692684437894
"360",1.20096845892093,-1.18064124572471,0.235393090118442,-0.742540356346069
"361",-0.76554719914282,1.10368084454377,-1.58193295988829,1.30389631300752
"362",0.363292783881409,-1.7549938181232,-1.38706391206129,-1.44835267839668
"363",-0.440413690085798,0.187016726123117,-1.93312805212005,0.592014276492969
"364",1.14500180880024,1.5060791104395,-0.568557370928756,-0.226733990741096
"365",-1.30264110269395,-1.19280899607671,-0.926692609678488,0.664049633658709
"366",1.18566559724825,0.438495831525784,0.663042422931385,-1.43453338860221
"367",1.82404922750694,0.480130358022467,-0.203709427711071,0.706648430212057
"368",0.260508289720098,-0.608870674589062,0.9704439722603,-0.703764401041652
"369",-1.9752366615053,-0.612512881579502,0.694601334240538,-0.856816719757504
"370",-1.63142390604332,1.56478220661219,1.22876604725477,-0.572537223287182
"371",0.389092379508126,0.62014346018659,0.330491659215475,1.31763266018633
"372",-0.702534826114536,0.804709966366374,-0.194219658910563,0.506803592921393
"373",-0.940959458221042,-1.31520178535332,0.607911525374398,0.396552336163064
"374",1.58887960119854,-0.303662190835696,0.0129920916283219,0.4140707351684
"375",-0.79021091852396,-0.751761035427879,-1.11876969797836,-1.19244223257942
"376",0.224610941044042,-0.445384318252885,1.48535152949579,-1.06044314768317
"377",-0.505505009798779,-0.444968893429171,0.395024114608002,-0.749645498260574
"378",0.285794894923116,0.419954362308506,-1.41175731835969,-0.652925689353295
"379",-1.6482206317201,-0.263770073233195,1.53806693707912,-0.48742350629048
"380",-1.00239448599504,-0.00101258676146152,0.524176027267707,-0.00304578664086398
"381",1.24747010453317,2.70147542387898,0.497138262664637,0.0458669936873535
"382",-3.00431357284852,-0.908901130102387,0.790383455198051,-1.56779640239355
"383",-0.352197682780893,-0.95708696946322,-0.211200258260706,-0.816134785968405
"384",-1.91551480800997,0.169033911886505,0.613022054771375,0.913128882874108
"385",-0.185485018516134,-0.731917421951393,-1.30265503142313,-0.164577171409975
"386",0.978229542245518,-0.961733734434548,-0.675500561285136,0.67381691764882
"387",-1.64008619037033,-0.198714240441364,-0.135021912935251,-0.085032707952312
"388",0.180582776563837,1.29956641986284,-1.23348044341986,-0.917467358372126
"389",0.334205356988848,-0.18675391995459,-0.890210424935944,-0.850202896000991
"390",0.0926112230436405,-1.76370115247397,-0.882867326486291,1.93566022263376
"391",-0.237941983026667,0.193762501599574,-0.438113763899072,1.03863067396583
"392",-0.755621565689809,-1.05821636456901,-0.452984763997173,-0.841485978033719
"393",-0.284754937899775,-1.07733348666044,0.672349839646959,-0.518494083356182
"394",-0.140145179597206,0.0225451694796012,1.6640416316975,-0.0557548083612432
"395",-0.697907645316771,1.2022872071404,-1.34889706172345,-0.50678270962579
"396",0.922900786437559,0.619327986284916,0.955020853277056,-0.419877626011135
"397",1.38608077858275,-1.61638492829057,0.413512763373692,0.431550364906281
"398",0.677581158555385,0.532047424922417,-0.436664503025824,0.0982852858386036
"399",-1.22730637239926,0.145600355912209,-0.203804487886254,-0.0877564924945498
"400",0.735593745929411,-0.618978373766367,1.21378562972129,0.776090831015694
"401",-0.469916972239578,0.779754353272158,-1.55770850818239,0.373347290989136
"402",-0.183203024076359,0.246122092581863,-0.0862317561556897,0.20847715376888
"403",0.962986018245929,-0.306150393764694,0.83177941975206,0.313633988338249
"404",0.00197997304818831,0.00934169702151251,-0.741807784490842,-0.552352960409686
"405",-0.0826886331837009,-0.212795771417218,-1.44957318959269,0.605092572618439
"406",1.56374599351328,-0.175213010447967,-0.901624939243475,-1.76709241970364
"407",0.0480582261902051,-0.340133902203617,0.0481112349029214,-2.15000580153887
"408",-0.54242840458198,0.746468208025169,1.0990869777783,0.307105963877772
"409",-0.232989889744213,1.36356747817301,2.86495907382819,-0.161330895502072
"410",-0.457926175667734,-1.28762260109096,0.81629529611836,-2.86279364904565
"411",1.72011901856487,0.25063856815233,0.490865818139542,-0.291982745335898
"412",-0.71839593416771,-0.107240277008408,0.153874095551599,1.78161266927484
"413",0.159125448771016,0.865180138722131,0.739664284483911,0.755376740657894
"414",-1.51051397850386,0.673639418932871,-0.922216059552018,-0.337462048274195
"415",0.566133158197337,0.020144598898349,-0.844480928277056,-0.445049770096254
"416",0.0920795068575382,1.10756394388524,0.648747371847073,1.59752586193254
"417",0.467175162718728,-1.43398901618626,0.56113345543404,-0.937974002442994
"418",-0.321915577232165,-2.10651047092133,-1.39739396387774,1.42275946936829
"419",-0.146711529549075,-0.837215016484733,-1.99115187437433,2.66415943432681
"420",1.26330389207309,0.855520041476287,-2.01211405463833,0.614337352510559
"421",0.0152274232040469,0.667353557863055,0.37729436270685,-1.00672652922637
"422",-0.80363319307144,1.58223500511899,0.78404592684388,0.0586823298970239
"423",-1.73015921319239,-0.779511945264744,-1.97421058076167,-1.29849341125964
"424",-0.797485956372466,0.281451835105718,1.14594294987742,2.33410591359321
"425",-1.20680928648489,-0.356069082569144,-0.314267707643558,1.9575894401739
"426",1.80720609333893,0.336607377505053,0.776682308758974,0.132189496501411
"427",1.07628258149723,1.59615104989243,2.97873038837049,-0.947612291347511
"428",-0.688195768965206,-0.248846640045617,-2.17024198012385,0.852903576252667
"429",-2.22107474004361,-0.0873647236285808,-0.275990969340598,0.754578183932961
"430",-0.1294748001648,2.36279996559688,-0.342414261008682,1.27638511612921
"431",-0.155269802306449,0.612854038470673,0.895523234677797,2.53306371790417
"432",-2.58415789472954,-0.267036423825503,-0.772402684919453,-1.38933278654887
"433",0.0783076132783338,-0.521340018092373,-0.644070463854844,1.1385642811616
"434",-1.52929368955699,1.43181368121338,-0.783366214139862,1.28497090856259
"435",0.390954837367033,0.720242731496855,-0.543241687531751,0.756369249675844
"436",0.687014052387828,0.256617070649225,0.215907035592662,1.93307630765469
"437",-0.428194685209888,-0.195500811378747,-0.139646600046676,1.75429167123669
"438",-0.242035020972078,-0.895823150240522,-0.334108641953028,-0.628472236831748
"439",0.00144383825749768,-0.942569624167485,-1.55361929537868,1.2926542987763
"440",-0.790831102993966,-0.717067618740835,-0.960551985993351,0.347680244385896
"441",-0.592103404845346,0.503041165168685,1.07908886656433,0.653776241509334
"442",-0.90615462600379,-1.20906379608507,-0.434112706213469,1.03553979798945
"443",0.714259921356429,0.614970733900659,1.06339788678083,0.72019510535416
"444",-1.06529620436742,-0.690829558705698,-1.2236256203687,0.715121312746219
"445",0.745680483823638,-1.09672024597444,0.572060991622251,0.0920082006607326
"446",0.73043886573929,-0.702170033371521,-0.838881825997427,1.23808692785132
"447",0.0165495278296926,-0.589713704630021,-1.13424779929906,0.0706397596528479
"448",1.56020240681769,-0.346734198433508,-0.659350001740774,0.0178656803348258
"449",-0.629395570496028,-0.817120383885533,0.214649502231939,0.764885172956886
"450",-1.57345200683042,1.14993881744913,0.304849402109776,-1.79950544570171
"451",1.84040953886586,0.241021521049398,-1.22841463442876,0.25936753761503
"452",0.67603658277342,0.771814952853123,0.705056922445135,0.706094866200185
"453",0.211497272061754,-1.70054227603823,0.49952149340684,-1.64655136255063
"454",0.0116556543124047,1.45765683782601,-0.071258159090229,-0.286610782632784
"455",1.06786684913196,1.22789349760275,-0.946623156791398,0.533437617759212
"456",0.712456741570685,-0.300820877541409,-0.669212180556405,0.134675896888614
"457",0.334867904401759,-0.797032818836706,-0.9304546629369,-0.467276593741378
"458",0.683527052836677,-0.803736617486901,-0.99686666802612,-0.621719470547007
"459",-0.530431959437036,-0.454697497400775,0.10141904632001,-0.621218569571185
"460",-0.674424243137967,-1.58420082934045,-1.66748939081506,-1.13848187745955
"461",-1.37566148191602,-0.317336905476361,-0.718593167150935,0.694278714203442
"462",0.424877136264288,0.044702652745798,-0.542914165697581,0.267385898370726
"463",-1.09903987791585,0.0805342676400705,0.65710789248164,-1.09870453829292
"464",-0.303268995600635,1.82829794496529,0.0935836288565116,1.05967200958663
"465",-1.31547141398116,-0.908843336468414,-1.63944075288738,-0.22525106255228
"466",0.618158092291357,-0.528266787993155,-2.37511739482079,-0.734386041282622
"467",-0.946277678715486,0.552221930977581,0.530620665015377,1.05121941085278
"468",-0.439734163954113,0.0566785876177687,-0.209815469040452,-0.812484498938347
"469",-0.947591239531812,0.205755152603113,-0.523689372492249,0.291492894794469
"470",0.203618830919775,-0.0673354310021289,-0.330325791141077,0.748269390731121
"471",-0.40117755457456,-0.476481291340579,-0.780575028968892,-0.593685281445066
"472",0.0853590346142033,-0.0924184342026764,0.14603881665634,0.845539753264383
"473",-0.891479455965332,-0.811844679397439,-1.36105184766226,0.128883815119457
"474",-0.53089343911843,0.155241821519491,1.89398093364154,0.235465923891735
"475",1.66177443941556,-0.875683357966999,-1.4477278944202,-0.0224152917317095
"476",0.084909661387488,-1.61382688269796,0.803962545168745,0.421448124089773
"477",-0.603045500659721,-0.383785032453357,2.66378418164708,-0.724119080293605
"478",-0.467486527296737,0.215472870800061,-0.0514281729285992,-0.860174808075219
"479",-0.833733318136604,0.597029997062974,2.65010330488409,-0.10724269025178
"480",1.20823217590075,-1.98769633751248,0.32800172972546,0.728294635362597
"481",0.114361916250878,0.696154942843471,1.49198771074255,-0.466937804044915
"482",-2.27620650086748,-0.896493064057011,0.386297075040578,-1.45850686891958
"483",-1.10616741818305,1.38081540756113,1.8686918089333,-0.978762673028346
"484",-0.120779563351266,1.47476926921055,0.180931067631044,-0.48229327487118
"485",0.0979326669573073,-1.52298104870709,0.56379907536053,-0.31105572057195
"486",-0.110192572502912,0.65989472309943,0.255811721935237,-1.51855696394661
"487",-0.0247637822602345,2.37108167467879,-2.37790791706469,0.964257499640055
"488",0.819520810728702,-2.26568418636339,0.42213534267575,-1.34236283681414
"489",0.517297002631125,0.0254782019182153,-1.68403121540616,-0.485383394819298
"490",-0.602036248407098,-0.00558088961436244,0.665340038647368,0.685447876134918
"491",1.34936594894709,-1.44605711096853,0.239411104027004,0.00887880696598861
"492",-1.11930168970105,-1.3229873431174,-0.0862056976083683,-0.522173727106462
"493",-0.551811590411655,-0.284081029508351,-1.39884507821725,0.472456091056278
"494",-0.651674858993426,-0.982179342544186,-1.19418371847334,0.135622351357441
"495",-0.759577772242409,-0.797386449458611,-0.641932048718947,0.551331167677895
"496",-0.742303045806542,0.448266638698717,1.32803302490783,0.381547445478863
"497",0.972874439675166,-1.38605287634254,-0.417010980652668,0.475044052697429
"498",0.0576839399930077,1.71828110394485,-1.38713189397597,0.41942727808337
"499",-0.549734840080416,0.409066496344025,-1.07373875622317,1.29804220166593
"500",-1.11211179434974,-1.58416769189894,0.575951555442869,-0.567310031197109
"501",0.524103958757669,-0.939154006490714,0.876882559155801,-1.93048115941134
"502",-1.73562958997408,-0.23965076587087,-0.78408556733981,-0.18787382580061
"503",1.63725357728707,1.23441912200361,0.511216786568404,0.296025408452688
"504",-2.10764137945941,0.336811142342194,-0.640828793274704,1.15178635660794
"505",-0.482571789761482,0.42386642459813,-1.8867395981467,-0.264255978346909
"506",-1.96974125188682,1.27405465061606,-0.609642632436876,-1.67767160826545
"507",-0.553544631081334,-1.25397331369173,1.3120324960379,-0.792605786656492
"508",-0.944641754529171,-0.760446004412723,-1.6154800330927,-0.739943249935028
"509",-0.132600731540089,-0.14660976449135,1.27692869798669,-0.255007669154011
"510",-0.337044770508817,0.0527822750285682,0.0352035203363891,1.43626375770514
"511",-0.0544922346218391,-1.27795035546756,-0.352801540239336,0.306492569875073
"512",-1.3670355834144,-0.685214638511622,-0.0562366320535208,-0.02258114392196
"513",-0.259980918615751,0.760918058227689,-0.954605754833439,-0.615629684840573
"514",-0.631803708972364,0.131252359183221,-1.48718306352756,-1.21648581456204
"515",-0.833221384780956,-0.137323884939612,-0.443409598987411,-1.55299723742145
"516",0.479701705265552,0.0679421507402117,-0.714106798623286,0.0746836121660946
"517",-0.0572697978540282,0.950105339841345,-0.364727011332111,-0.365536745999439
"518",-0.0832600006500353,1.20212240246389,-0.937088582744036,2.53643855035057
"519",0.813769771420116,-0.932821767165384,-0.31894625569201,0.870829632336315
"520",1.57108386182338,-0.529605096920426,0.512694771647079,-1.97643330426775
"521",0.638480737246388,-0.825165805566614,-0.557379708461652,0.173072499488445
"522",-0.114619285359375,0.499338220916438,-1.8069983742319,-2.56780994489378
"523",-2.29913782689723,-0.7631563912658,-0.172473516771708,0.414700541736793
"524",-0.172661005914669,-0.637675206041998,-0.908444854117046,0.19373088871129
"525",2.06592104656091,0.694113159892091,1.64226318359077,0.897263386764645
"526",0.532485737316709,-1.42579977199453,-0.705328470019011,0.158364626532652
"527",-0.115334720680761,-1.02047401259665,0.556255774807781,1.19852718629292
"528",0.422703967941425,0.938639620318695,0.49440619764415,-0.199391035810845
"529",-0.385583073316407,-0.864159588138108,-0.242481945668666,-1.27424839065179
"530",-1.88023593527748,0.448240622271816,1.9681425341078,-0.393256842591194
"531",1.58976862307987,-0.807175045679397,0.52290406182442,0.153416603945735
"532",-0.611188484816789,-1.19160943512328,-0.758848339034244,-0.639267174435813
"533",-0.0912214336783541,-0.231592418216553,0.672582940449463,-0.283232635691003
"534",0.454333759387715,0.887203201101807,-0.865176700006212,0.567914525304239
"535",-0.103460295018779,0.942523828644909,0.593707117842699,0.849182884969405
"536",-0.0196816775367218,0.352562856285485,0.499747544933075,-1.00976842394677
"537",0.0374880621475693,-0.410659297653647,-0.523072258142827,2.59391171357923
"538",0.297383416522642,-0.275863554648599,-0.469858789898766,-1.37967072354375
"539",0.38833208893611,-0.807013957934456,0.985187876915412,-0.907568042073872
"540",0.750165248236861,-0.266047385750801,-0.6319096993699,0.804922664564828
"541",-0.858261000339714,-0.83741051094823,-0.519294924018862,2.1657340831009
"542",-0.254702950212802,-0.771407493902147,1.1429823276898,2.03284729089572
"543",-1.2462201141649,-0.40383733373544,-1.50331435688055,1.11178924625239
"544",-1.14051429247036,0.116812855793721,-1.83102445814076,1.35843074487135
"545",1.30925271794725,1.04306759768291,-0.108824210895427,0.718438725426006
"546",0.394963377936242,-1.27348982517127,1.08542209646893,0.155536584231717
"547",0.0497364650932938,1.24359215418741,1.20723917348402,-1.02759874544958
"548",0.181397812682385,-2.18314438587939,-1.14487921967483,1.52670990087073
"549",-1.23192306197837,-0.708821253764955,0.21338047703411,-1.12759238677541
"550",-0.307195522310714,0.809905812602462,-0.785033610810131,-0.801322749832379
"551",-0.360766109214687,0.177690525577365,0.145434929377422,0.20521213269414
"552",-1.24693830616096,1.29917635979065,1.09269564776705,0.35341055974775
"553",1.0394791097185,-1.29804541715335,-0.683993509819646,-0.178814043041166
"554",-0.349950846170423,-0.109281117803013,1.29062387668802,-1.31294837084312
"555",0.393077900310672,-0.738482968564962,-0.920203172753005,-0.0931136897372257
"556",1.66551081808748,-0.241794052546307,0.655424673616856,-0.585085578826789
"557",0.336683110668833,-0.327396353886636,-0.818141731297548,-1.075168038708
"558",-0.0188174510157933,-0.214729238979466,1.91581980259275,0.223616560691727
"559",-0.529889457000013,-0.451127244967301,0.22679057750928,-0.479029652690828
"560",-0.72337976853095,0.972591015138713,0.748784639245549,-1.28300995347113
"561",0.263543618828721,-1.03295844512244,1.18505854341513,0.711942040843125
"562",-0.717424915631149,-0.3996550010397,0.808019196402993,1.21856662858807
"563",-0.286319867868399,-0.929677511268267,0.104655515217187,-0.273708811493228
"564",1.18200230816234,-0.259224604780232,-0.147049870957465,1.44057292316448
"565",1.4868655612556,0.316439488344329,1.37631876531714,0.284180082859364
"566",-0.511396897832719,-0.545325752933716,0.147018619232173,-0.577354555040176
"567",-1.91483483286784,-2.63617627846888,-0.558596565311863,-1.40274831598189
"568",-2.2700229615626,-0.422151945221054,-0.809073156676461,-0.717384462112594
"569",-0.378336711755283,0.485832836318091,0.0494437428451743,-0.234301965350859
"570",0.647485878265851,0.310113207689777,1.17887874516922,-0.26250340475958
"571",-0.415081211695954,0.23561030947699,1.9590906048893,-2.4900168204758
"572",-0.164391151826184,0.00663835660551879,0.234276404788897,-0.780888769085611
"573",0.703156124264705,-0.659115735067047,0.413362776957664,-2.50270891678862
"574",-0.0810987022711948,-0.402521674037948,-1.12239736428828,0.158796920442918
"575",1.62560524846028,1.21689168970825,-0.663172045037287,1.3432697337411
"576",0.650568254131611,0.291211807858174,0.591368522186039,-0.34199745009929
"577",0.967940492576697,1.69319021276136,0.548750988667573,0.635274435519446
"578",-1.44622490297836,0.602279178292198,-1.05191618125486,-3.01808201000146
"579",1.47011703745205,1.41595034050835,0.676926224712748,-1.0145915797884
"580",-1.75473661062813,0.762300655509126,0.306670460601727,0.386475571312031
"581",-0.305890547185352,1.46936434478614,0.77368547091671,1.17228798731376
"582",-0.882250409979257,0.934732136039806,-0.745669372422923,1.09953602276982
"583",-0.603273828922871,0.167235849954964,-0.232422685189351,-0.0042246150093329
"584",0.737034656276563,0.136645246301751,-1.72852837657766,0.797519551699631
"585",-0.349984599033698,-1.5359315961845,0.108666802392631,1.93956576487541
"586",0.6243367759169,1.47232426053769,-0.631587793650792,-1.31764338728676
"587",-0.605818146312946,0.649051750083739,-1.6908305084771,0.0969291237694815
"588",-2.01965543253915,0.0406049605291166,-0.217867947899808,1.00352668271326
"589",0.0702369769036325,2.25375287428376,0.918564013933818,0.886522421987452
"590",-0.196284242358502,1.02931473164302,2.86484106182451,-0.261577035942069
"591",0.204781737239462,-1.42714515147657,0.431016945259787,0.583872890278223
"592",0.420438998086567,-0.25134120304265,0.0448035102568499,2.26950812718686
"593",-0.571855291340896,0.326449480852488,0.949287529161947,-0.148006335845363
"594",0.293590233351207,-1.25665202828063,-0.425360961515079,-0.151690565661283
"595",0.831307580228609,-0.594045087586435,1.64000268296937,-0.740333935639073
"596",0.768744472340016,-0.268426119981663,0.0608943079026615,1.2166107705582
"597",1.86583103607988,0.420229939500928,1.56497382429487,-1.77949348229703
"598",-2.2735836244046,-1.74981744507655,-0.148102174178587,0.835150014548955
"599",0.452005098334461,-2.61431538481154,-1.26400437854668,-0.303647967587676
"600",2.06438846610433,1.27718389331992,-0.66777230427603,-0.356722246478612
"601",0.495033672327003,0.593259701102674,0.663039294297748,-0.711216343558178
"602",-1.18729608787453,0.340296133875576,-0.698590217916486,0.249069468548978
"603",0.905745968585642,0.377871422556775,0.431896507805474,1.6135830210406
"604",-0.987369328947008,-0.145448223985488,-0.629991699444035,0.700189706847521
"605",-0.68015200605411,-1.02484006250444,1.29680743420299,-0.662873036432269
"606",1.40941196077317,-1.45554299733794,1.13707923504694,0.0874053899156919
"607",-1.45705259407828,-0.696650655118792,-0.696126233077731,-1.35661520515652
"608",0.250215097475017,-0.792909969373767,-0.752826068598057,-0.744198450746321
"609",-1.68593547930787,0.78381253990907,0.884950120288752,-0.814594058427101
"610",0.603042774773722,0.912572367526932,-0.5629694299507,-0.564532107221462
"611",1.13726617295061,0.0252287277459008,-0.865840437671596,0.22390795577362
"612",-1.43088576291326,-1.05432424307969,1.54343462889092,0.581977506448701
"613",-0.235860891614705,0.669340146655842,1.01001557690517,0.737325278071445
"614",-0.921675398740085,0.147306316660585,-1.32237728733827,-0.281474764246738
"615",-0.000865211137872635,1.14001158695383,1.18762704804108,0.259751541306242
"616",-0.358050583284197,-1.11649259695913,1.08879905159793,0.0152789125036035
"617",0.238863774500014,-1.15238995647826,1.22205754745139,0.795628923981665
"618",1.0615625764194,-0.707978578657126,0.463959520981331,-0.424569663809376
"619",0.369638658874362,-0.36817148141605,-0.0996217677158042,-0.464432169915924
"620",-0.255849230532666,1.98092951793826,-1.27913589805209,0.520171278791864
"621",0.272460449725509,0.373781321856265,-1.24265736791074,0.0764498807900111
"622",-0.18110171930241,0.653482098919714,-0.330641848725286,-0.26013035015741
"623",1.96653503532523,-0.892721612385108,0.41563377228536,0.470552948784335
"624",0.172472755621302,0.762491938522673,-0.537150681145723,-0.32947507910228
"625",-0.0909258468752277,0.593668073785561,0.362243313347599,0.446559402720417
"626",0.958300149381466,-0.14657826697499,2.15819451684583,-0.216831404585692
"627",0.866414636828656,0.403226014836797,0.480045689622992,-1.34949273100043
"628",0.158323142308265,-0.196474662483411,0.406494564454878,-1.141708682797
"629",0.730821658976107,0.438465604668189,0.55496558463962,0.970970097732327
"630",0.333217915781493,-0.223288062864413,0.659549539719146,0.0108619897847226
"631",0.145892932328997,-0.00487497264009783,0.863542966766825,1.50499958413524
"632",0.889645689497417,0.855992180569973,-0.439286348561269,-0.989206311905188
"633",-0.89712498142947,-1.28274221271422,1.07768302229422,0.916214628401622
"634",-0.48642047153904,0.672172177249406,0.52742487638119,0.354097798330454
"635",0.376909511284897,-0.793831032600232,-0.569444938260384,1.87111677179097
"636",-0.0220581703137982,0.099964111921205,-0.990963789523893,-0.234277020521571
"637",0.533176066053025,-1.07847574563832,1.01494884685939,0.529462549614432
"638",0.658415911074426,-0.755028608852368,-1.17762354248187,0.51806461102069
"639",-1.45522508691456,-0.50553540251307,0.436239539671706,-0.614135519486959
"640",-0.714574757710594,0.417365753032602,-0.740441176253738,-1.35080175584775
"641",0.0840845020190313,-1.52616784680179,0.496564075537289,-0.393871575690173
"642",1.18924063941157,0.674814124406552,-0.208319978366324,-0.612255119787307
"643",0.214767800113608,2.244397443179,-0.309874053397019,0.0993493742601484
"644",-0.625147109274058,-1.19632615879267,1.89588579320636,0.152049205581224
"645",-1.79029327693405,-0.438180056800164,-1.15188822308027,-0.324554281504256
"646",-0.774171759677226,0.343420845856036,0.634750898894539,0.439601075706041
"647",0.585547791186014,-1.55192476387291,-1.24228085524935,0.313448024563941
"648",-1.07835932952194,-3.23267101096288,-0.504451071937098,0.891204597211642
"649",2.5689016183944,2.71497173165141,-0.0717442751608009,-0.357917360519684
"650",-1.07609933922756,-1.0083135996366,-0.0544797904712504,-0.821632024537652
"651",-0.471562618490039,0.562637115107604,0.797067339817245,-0.937256573325483
"652",-0.838324128661958,-0.902500632200264,1.12009854937254,-1.2164452730551
"653",0.521608242676434,-0.240912614848445,-0.135129185073002,1.63320845597783
"654",-1.74857377038961,-0.287630425830264,-0.0537794119793132,0.866553184827806
"655",0.215577651254376,0.633775767415883,1.30395654370222,0.993516304237973
"656",-0.261611501931413,1.05026035414324,-1.36067132728477,-0.366024750657903
"657",0.737559366383149,0.90199894215033,-2.31857974165109,0.0628592772214205
"658",1.24218546699507,0.703225604289012,-0.677919871293288,0.135459065247247
"659",-1.22596825193165,1.20122363655743,-0.060743186775259,1.47475185989246
"660",-1.53610311254489,1.82677827964245,-0.566311626732247,0.603175809657531
"661",0.295749850776478,1.01486175679258,-0.36562540475647,-0.446859994418929
"662",-0.866669844005508,0.71755111950438,-1.42095963192706,1.70490425137622
"663",0.169524782888269,-0.292260914072221,1.32782234524232,-0.3104970869634
"664",-1.98398333959299,-0.206989261937238,1.08341051265324,0.623414859866073
"665",-0.63906662755464,0.595450456821448,-0.574957761472191,2.73285233950242
"666",-1.15591750712653,-0.699739040637608,0.337312653312099,-0.0839020775584014
"667",-0.414896169052975,-1.14975592177347,0.0110866834236284,1.04409632064464
"668",0.0615684042012672,-0.140625356679948,-0.253570357929448,-0.892847639652822
"669",-0.0360167417703993,-0.473926598646423,-1.06354405983341,0.287124579235332
"670",-0.534267483283452,-0.298298700886423,-0.212173628970683,1.12323690658794
"671",-0.584008097108522,-1.57715478828727,-1.59057880181213,1.40550340784847
"672",-1.19345706145596,-0.172161983221627,1.24661069491098,-0.306257167493008
"673",-0.338701077102095,0.553952452680029,-1.47753422048446,0.533039441794134
"674",-0.059296620852671,1.11142702882192,-2.68043566065643,0.948156517088837
"675",-0.0204305871584733,1.05943720726308,-0.232423602020687,1.10039045913079
"676",-0.949849856328946,0.526500009470416,-1.01457963755717,0.180416711645916
"677",0.62634761236666,-0.334011673234338,-0.168691450778973,-2.43244458366542
"678",-0.0116452190011246,-0.417230108816888,1.10545969113231,0.134565426407813
"679",-1.86728904703746,-1.70291124907395,-0.20622241414038,0.263419677896116
"680",-2.12332107051099,1.26626712380429,-2.37835361461732,0.165636066299881
"681",0.546915931873812,1.81002970295287,0.228995022839921,-1.62404400127112
"682",0.376888677756621,-1.21489758468027,0.283646798145451,1.1210698199421
"683",1.81534163131764,0.240581014408071,-0.973879909547804,0.186411940185334
"684",-1.91260821504886,-0.510724508483092,0.755929904164951,-1.35343947549841
"685",-0.0845828380340863,0.298240687520626,-0.791368049336504,1.93814123898989
"686",-1.19594564776298,0.0821500608509346,0.324839001388605,0.452030858263419
"687",-0.662556033594218,1.26122975264996,0.179068101086763,0.617267120265566
"688",-0.684344497984538,0.382883838493595,-0.45198767430404,-1.16287941505162
"689",-0.484654388237135,-0.315759897797449,-0.625199332595732,0.523533676997005
"690",-0.806090791492862,-0.287871808911598,2.01607099586783,1.1188830852831
"691",0.510258654048837,-1.08689427884555,0.405206929374835,-0.813119117660096
"692",-0.951723894726426,-2.46299261895378,-0.319456627028531,0.366074680470197
"693",-0.13470866579993,0.79146567610156,-0.765023101427315,1.87244537428497
"694",1.04528496422965,-0.163658768653762,0.691939048145306,0.431369377740717
"695",-0.136872918243255,-0.592621262904822,-1.02501823634102,-1.74096420778344
"696",-0.530511257530204,-1.27838944118388,-0.990811187642103,-0.420886703298258
"697",0.201069241834815,2.05261373533769,0.0936260800206618,-1.767888752688
"698",0.00758049518324686,0.509582035713066,0.617094703145967,0.433537233632533
"699",0.911142819142686,-1.84953901929065,0.889596443705912,0.591208736719918
"700",-0.636423465957959,1.37477411791594,1.12003781767895,0.49369602042483
"701",0.681477801246044,-0.845973200147762,-0.140427707960762,1.52733410834466
"702",-1.57791849421684,1.60576231108306,0.325376032874828,0.449461253977418
"703",-0.640800278830379,2.10595519391495,1.00822808840088,-0.0448216340975601
"704",0.582428523945228,0.758882197130563,0.290750245763861,0.474319495181484
"705",0.50520183607609,0.496408161812787,-1.07317826304037,-0.847917783738162
"706",0.00977716894005118,0.903007956466064,0.09150586464913,0.582126040566751
"707",0.0660203780760606,0.796974255267345,0.308206397334113,-0.920630908019935
"708",1.73200037577687,-0.660988274492192,0.79753285683663,0.471619914339836
"709",-0.766261128697294,-1.67979199129784,-0.668776043482958,0.560494199224825
"710",-1.17929040495778,0.141822052372951,0.423728442578754,-1.02066111570249
"711",1.07636210874996,0.0118954452867988,0.272496768891826,-0.197934376532766
"712",0.184402418312703,0.439795857558276,-0.148078501426195,-0.267347452421384
"713",0.598644673378668,0.380863225401632,0.943965125691217,1.5884851906012
"714",-0.294383763701648,-0.44539777414329,-0.283636813984587,-1.1175786118102
"715",-0.926393910648305,-0.0435731217369783,-0.250921416272762,-1.48487666861688
"716",1.77898404244237,-0.207527573933573,-0.260523272943447,-1.62715490926509
"717",0.501976959957921,0.348682433726986,-0.996112166753415,0.011380194966996
"718",1.07442720569662,0.195778937672988,-0.60113333387666,-1.61989740284389
"719",0.786463605597098,0.829856654263617,-0.113643918725945,0.014164977561136
"720",-0.364803537409942,-1.2007439820526,0.879119202636451,1.23535058172546
"721",-1.55255246356105,0.689530906566402,-1.25646739843402,0.473115310249268
"722",-0.864374645250015,0.0868859545991568,-0.0798663482029755,-0.764924433383754
"723",-0.173272393061122,0.117307055712268,-1.48246292618038,-0.0803579610412345
"724",1.14426464089375,0.409025987621802,0.842913086524707,1.66082455184243
"725",-0.0795945738973869,-0.63306025572283,0.0344218363083804,0.533046315009555
"726",-1.11609591360312,1.22046173068158,-1.47911278507922,-0.979613188653785
"727",-0.60657853830364,0.00263325846097732,-0.0773329104391672,-0.288213175619533
"728",1.47680760987861,0.333818494638608,0.0367560323549052,-0.214788138068819
"729",0.578279055936364,1.60947333681151,1.937034071908,0.21804195091467
"730",0.847968772501827,0.729070163313829,-0.960944109285548,0.331815767067616
"731",-2.21008785366765,-0.942679076480752,-0.953328792015278,-0.396365468612185
"732",-0.302357386508633,-0.174793419094814,0.304078777274701,-1.21743771496515
"733",-0.872630256650946,-1.223791271719,-1.46749504145414,1.17965033640593
"734",-1.88090049657515,0.352575197145982,0.343870557629382,1.21117555386134
"735",-0.434534555664818,1.36745793913058,-0.184564996970192,-0.726353800667632
"736",-0.348593474137374,0.615455529095406,0.684375292761309,-0.903796319107471
"737",-0.932884590843973,-0.962331358965202,-3.36142908507281,0.746146505676892
"738",-0.195115140414743,1.98271200255397,-0.773289328377562,-0.993731030748329
"739",0.476186189149609,-0.430602781380107,0.414858667271187,1.34394100596765
"740",-0.336772083526182,-1.14295328857899,-0.870646153047903,0.776117032990716
"741",0.145803909377341,-0.493471566735328,0.968223674850273,-0.353805411827528
"742",0.446714370273807,1.02620039831489,0.938585091141661,0.315007152655874
"743",-1.94817268023622,1.58524857910317,1.34316980761106,-1.14974556142876
"744",1.38676992324082,0.686922115311391,0.0889580038198051,1.70014971695918
"745",1.9507611762145,-0.200720857296729,-1.07876094009234,-1.52144926020375
"746",2.04809024359546,1.11819972529085,-0.134941796456586,0.588668960674119
"747",-0.848686895501387,0.217421382949907,-2.45984117317935,-0.867944322621454
"748",1.9070427373864,0.0438127811403578,-1.4098516710406,-1.85972148065941
"749",0.721253413955686,0.292843506481123,-0.456715893390331,0.93153472406804
"750",-0.858581632555685,-0.391610278338469,0.114216723395919,-0.0316482694407223
"751",-0.198934716490863,0.398312408219444,1.17459083522638,0.621153752052638
"752",-0.841980688113502,-0.181785525046276,0.00453345729162436,-0.783961323013159
"753",0.763006693453461,1.60378337278094,2.05662071030092,-0.00629354754585563
"754",1.25495580608737,0.5939727653111,0.183216062605331,1.20923836984842
"755",0.765287309999799,-0.126562632014538,-1.49321021476573,1.44343345713897
"756",-1.37480732033718,-0.226522937784218,0.225988539992798,0.47926903921613
"757",1.15529372641533,-1.01393937028895,-2.56153867871532,-1.60652197678663
"758",-0.49486373845625,0.827799950170563,0.375227412342471,0.478144017436212
"759",-0.0952610437806179,2.36324355237333,-0.668017713802604,-1.25532018601515
"760",-0.122261272396253,1.6184808719396,0.434286729971395,0.195772987368282
"761",-0.900007299403551,-0.797347066036632,-1.57260587265625,0.989127830665434
"762",0.0434802492148025,0.338253132569494,-0.320610836472502,1.33942340368262
"763",1.96544556853136,0.129695060899081,0.30752527967611,-0.0662087949354349
"764",1.16179892285185,-2.98336834827061,-1.62164139130877,1.72875379742749
"765",0.296493134554583,-1.30400636208773,0.846511482586608,0.426749802818622
"766",0.355102337551379,-0.380505070918916,0.328185973284767,0.283430615688757
"767",1.7418987772268,0.251737535661393,0.233231072855901,-1.01958489474582
"768",-0.0288890790325807,-0.779951856848522,0.249998445448214,-1.88650854857799
"769",-0.955710433079178,0.447907166159079,-0.620133636870222,0.0812432498004731
"770",-1.00570023249713,1.33783177101515,-0.191698906828177,-0.5588143465199
"771",1.01607578820645,0.138620740993422,0.332950340850208,-2.09189678134007
"772",-0.244743052458006,-1.99836538140855,0.320017417518699,-0.89631140643559
"773",-1.98642224530461,1.29832325384603,0.405163541624325,-0.408016833050717
"774",0.0804296675803746,-0.797261843544861,-0.440461419794909,0.292948885959662
"775",0.276257230913649,-0.0733734883472126,1.09900781405753,-0.481223738593899
"776",-0.972753164471052,0.756120720342528,-0.569290677186651,0.063022568418069
"777",-0.603064417695181,0.0336103098204139,-0.218242991051311,-0.224222654994529
"778",-0.99755744453378,1.46092130584914,0.513018977367521,-0.239909319024322
"779",0.310316280946467,-1.55603629503363,1.07119143259238,0.69822398470572
"780",-0.823476323022444,-1.18336172016852,-1.76388079432031,-0.360258658132071
"781",-0.711305590788342,-0.203045756035012,0.200286821392884,-1.59399798047664
"782",-0.00952388599202926,1.29742807542781,-0.619462697462583,0.358797165400397
"783",-0.398452412563541,0.485229614383619,0.495610132195059,0.175133047046258
"784",-0.0239890692495804,1.21641434738351,-0.630039238238499,-0.510184163318829
"785",1.58514345095453,-0.0444087013815526,-1.00771261251237,-0.406243765080023
"786",-0.0257251592227256,-0.139920933462244,1.53011996762959,-0.398273833222101
"787",-1.10745591555922,-1.31216200992509,2.46228834592962,1.16255134157797
"788",-1.18962634194884,0.277278173910906,1.01494877614289,-0.438739108957426
"789",-0.195804899612617,0.76387177223675,0.747987642922542,-0.456554622164778
"790",-0.937713932803305,1.20618066548416,-1.05078620960684,-0.647021470780954
"791",1.12719511169654,0.113969043172538,-0.371124612966156,-0.077056401839077
"792",2.02764498800866,2.2518682595713,0.341946256119895,-0.57400972756436
"793",-0.327977041809436,0.485242964769751,0.243657324653491,-0.627732626331984
"794",-0.193834191987455,0.172697111173032,-1.05532242718574,0.823718352678826
"795",-0.837487074435324,-0.471691454306315,0.0108452745283265,0.883515423012881
"796",1.35320071294607,-0.824106494747721,-1.60118515734778,-0.167633509305955
"797",-2.83665249409602,0.426965294237468,1.29339446959657,-0.101954777232609
"798",-0.978028112983135,1.01589731730962,0.764777643945373,-1.37960450228284
"799",0.206299516987695,0.397524335625743,-0.163030215906767,-0.90931877142016
"800",-1.19440834654153,-1.60596660088226,-0.698060085478116,-1.23130127818978
"801",-1.19382825517443,0.642345209511834,-1.57830535344946,1.6051380101475
"802",0.809664457541542,0.893945911712235,-0.618262776504272,0.297932778444171
"803",0.441677725823619,0.635737979520295,1.02285024920549,-0.742944338053699
"804",0.408584975182158,-0.664638485868115,-0.211353486829554,-0.115433345550692
"805",0.247526083411695,0.907282544247291,1.41440839155036,0.540458101762699
"806",0.834848910879884,-0.0388745456673234,0.0645942118336109,-0.863439336376608
"807",-0.0505160712414708,0.366386630602686,-1.88438924001373,-0.128114120818895
"808",-0.108338812773284,-1.4215851941465,1.73765388045039,-1.47587348453214
"809",-0.374666287118953,1.48813288396399,-1.1266370213836,-0.0725446620546598
"810",0.212751691207348,-1.14673040351262,0.679137030792819,0.332428204468468
"811",-0.149966005743132,0.195489763599238,-0.31995329052849,1.66162430596538
"812",2.23762654591002,2.58980342533569,-1.78654729590509,1.18159124910502
"813",0.953264570337705,0.0751680538077547,-0.0322451121610933,-1.93248954072355
"814",-0.41689023764207,-1.37571050439858,-0.136486012605404,-0.834407798861115
"815",0.765821664968278,-0.896595307465955,0.0734206194099379,0.220658866393782
"816",0.75929358499409,2.62766164920721,-0.178811668175373,0.000499365575754653
"817",0.546902961660397,0.543231233854844,0.509582431448401,0.609007234687274
"818",0.231757080426443,-0.456292292763897,-0.537542238166917,-1.01283437491857
"819",-1.26391604396189,-0.0701458255816724,-0.393304001859075,2.44292119196183
"820",1.14542422495568,1.53199863997968,-1.48861367467476,-1.30754354696596
"821",-0.779003894326128,1.11002766797739,-0.655676816906662,1.60097029482007
"822",0.553837130423614,0.590229836624334,-0.762670516347672,0.00371982275114177
"823",-0.0366816471147264,0.590902652990128,-0.0761064401972365,1.06263993294068
"824",0.00358652477445329,-0.658049266051729,-0.875657345145196,-0.318915119161983
"825",0.596087880939502,0.858354210622901,1.01678005862958,0.324211355175668
"826",-2.03708640668013,-0.737810566190962,-1.07040312898328,0.89286321997054
"827",-0.97430448855413,-0.965652171057006,1.68839177996759,1.69612789413682
"828",-1.59228527931038,0.818910869885615,-1.91473871998306,0.328435346274474
"829",-0.277785199440999,1.47104586636391,-0.338620256094248,0.102778509106302
"830",-0.0385402472693432,2.13516869835212,1.35930822970615,2.27654302850135
"831",-0.311677374978025,-0.987465736088771,-0.206528392496032,0.79887259088088
"832",2.08005872841256,0.711928881942596,-0.925312284571882,-0.632463786984145
"833",-1.58277753159559,0.155982091446863,-0.99987094299665,0.837886426278962
"834",1.03858618908199,1.54536425843843,-0.945724610572474,1.49888137113923
"835",-0.013863089481017,-0.0422018417956332,-0.648829167681499,0.213017261648928
"836",-1.47006372659054,-0.831286041357201,0.82684477558893,-1.03542848476169
"837",1.55782103220211,2.24549435015243,-0.530290225404403,1.93520834650916
"838",-1.53082508254742,1.36270529399243,1.15901687273334,0.39701264401865
"839",1.50292704158319,1.13114658302698,1.14930202195026,0.793280296238024
"840",0.777288935572332,-0.783373312794293,0.576377223044808,0.76690617571391
"841",-0.55402058047571,-0.0728992767359467,-1.16183131948783,-0.832544856493783
"842",-0.042351150711147,-0.335715832881616,-0.26187537332381,-1.24808937141505
"843",-0.135228777558917,0.457778488816397,-0.582776235268759,1.74371855385414
"844",1.08453005755426,0.740094386761215,-1.29921292440953,-0.0377618840599727
"845",1.14404548882195,0.0311915495414354,-1.40769434453893,-0.998340530365901
"846",0.456228791433846,2.4185181991783,0.0415713239531496,2.28495861097316
"847",-1.25042912276138,-0.334796889999697,0.323354821344893,0.394538117024452
"848",0.279147097353807,1.14736961936839,-0.448978050378282,-1.36623794205562
"849",0.0354297230411921,0.235245015187851,0.2931676650452,0.859895889686148
"850",1.39763129219964,0.729964735095386,0.771033165405232,0.270675673697177
"851",-0.567400858707433,1.02297573716366,1.72735676739128,-1.29422994740039
"852",-0.143876821277969,-0.598329996865876,-0.229965152899973,0.450533294409291
"853",1.02870821078652,-1.63892859965409,-0.453370621681044,-0.713355526403999
"854",0.84990275082488,-0.780941256484914,-0.0860608421693809,1.63255436220438
"855",0.282530644331662,-0.752703544787394,-0.218589810232186,1.23398806074005
"856",-0.320904074342864,0.506561367788574,0.140036088779165,1.41944673500285
"857",-0.658979137160272,-0.620470525567108,-2.21751928351614,-1.23608365634699
"858",-0.743739854118323,-1.74362138716159,0.187140006348901,-0.839271826364749
"859",-0.327632798873069,0.13738990240166,-0.244518880618707,-0.650554919319516
"860",0.27543641264507,-1.18485876025237,1.15592117466882,0.516126964552556
"861",-0.5044424012596,0.852589363877306,0.385816244250281,1.35141024043972
"862",-0.489555845081301,1.20844751893943,0.377193830969762,0.801636265847539
"863",0.925699748169624,-0.699072473115314,1.33612896413828,0.00361525414975436
"864",-0.98637556326635,-0.298533402529343,-1.04500571294495,-0.435289010679638
"865",0.1870617559621,-1.62388293981176,0.372941760617737,-0.371454787150106
"866",-0.292485737549967,-0.139914863457098,-1.60135846554912,-1.27684502241804
"867",1.07424686908911,0.574097203639749,-0.114744588935533,-0.871894452453736
"868",0.200020744925249,0.266605378051033,-0.487906545418906,-0.321173171728788
"869",2.86432820813496,0.110244040578969,-0.431940263174945,1.76355094279674
"870",1.07290621296849,1.37818534432129,-0.0152454042573658,-1.77494558001748
"871",1.62786743478156,-0.551884213139658,-0.675987473182545,-0.0396836232867066
"872",-1.20611138342028,2.58234029519557,0.870715113891622,-1.24090950941736
"873",0.879271302463918,-0.962032253183427,-1.96387107059886,-0.519781188626666
"874",0.291863465774445,0.954542124328071,-0.189173094540111,0.496736408189202
"875",-0.443396025214545,0.99761752603776,-1.01980196894789,-0.722943234069299
"876",-0.430377581419515,-2.65424084283653,-0.660589497769884,-0.679890846678322
"877",0.687110347693446,2.97351921170233,0.90537801032746,1.86325535902884
"878",0.391176232712207,0.595830854852981,-1.59172055893032,-1.02683150849943
"879",2.04431527376334,-0.0333308495463629,0.277135086034231,-0.556677445047326
"880",0.467056012434946,0.0787948042110066,-0.313902282331186,0.292479919451487
"881",0.459967919266149,0.545473103284962,-0.256320647954346,-0.892690335234266
"882",1.21971096176943,0.740784476112442,-0.623488641768483,-0.147342871425562
"883",1.35877678193165,-1.13855843811662,0.30470955771131,1.33321870029622
"884",0.0158291850126004,0.693500176167419,1.01556306805368,-1.17193410359581
"885",-1.73001105883924,-1.34805217791821,0.0687004854977491,1.35686003437288
"886",0.559490939666124,-0.626706198824065,-1.64101021438104,0.864645444398783
"887",1.9172451146272,0.483509441748353,1.18013185108118,0.0520215478627529
"888",0.613727574874899,-0.540179251445647,-1.13440655814594,-0.900945862693681
"889",-0.292814907350827,0.925095075920034,-0.772891412740994,-2.45926274352714
"890",-1.03289373740748,1.3580432783708,0.937718598867117,1.89366405658949
"891",0.451087448937181,0.255192103384132,-1.74668402921232,1.22780426864355
"892",-0.162661942771194,0.54681873155039,-0.0578900438514508,0.40466740938519
"893",0.770892137864379,-0.374107649314135,2.3899483618926,-2.29874118483751
"894",0.37033950918178,-1.35572738817608,-0.688895645442166,-0.462096127418861
"895",-0.214225330615006,1.16757943891135,-1.16251888861152,-0.868407496011906
"896",0.196448816691497,0.178796468144346,-1.69010863956939,-0.15290155835241
"897",-0.326279196935267,0.0232132972345819,1.76119520490832,0.222912527381301
"898",1.96606811732595,-1.12516845393925,-0.887612755846488,0.736422174645617
"899",0.277587912467369,-0.345835398571923,-1.03861824790511,0.954770393237393
"900",0.224645536504028,-1.40186708502594,0.256419906250274,-0.133090305413808
"901",0.135849217214913,-1.96967030757609,1.22995256161407,-1.26937406126379
"902",-0.351374514753708,0.649604812012542,-1.66922713023355,3.78575440237155
"903",-0.787067508320196,0.480450443476053,-1.41695272541369,1.77300652166552
"904",1.16162986683956,0.341624710018231,-0.0983208942595637,-0.199869151918136
"905",0.884919362305713,0.611999396082907,0.267109980292851,0.842338635147654
"906",-1.68659164789862,1.19988333295109,0.311838051295661,-0.17146947147493
"907",-1.15621089070904,-0.0649916442557001,0.837604651405365,-2.12211389078654
"908",-1.68302454868484,-0.991573450229737,-0.329071375177129,-0.442550670007969
"909",-0.160038129817973,-1.7109612359172,-0.650983783529555,1.13690858932335
"910",-0.870914931005438,0.263826286592027,-0.542881687738892,-0.387862478510606
"911",-0.577778503880213,-0.0884258425413925,0.795532302138453,0.424928222398992
"912",-0.270912229508001,-3.02899760250744,0.447288189501507,-1.82692876795016
"913",0.723016212936335,0.933456258673503,-1.3833564255045,-0.453383141278445
"914",0.15387046757205,-0.964363994024381,0.197882781034017,-0.350703789443942
"915",-0.102143787907459,-1.50616958322359,-0.644044205061457,-0.61638759364233
"916",-0.302224584653542,-1.03496214575495,0.205349144648156,-0.339501253419202
"917",2.29674337245083,2.06802686198134,-1.08640133558251,-0.442321897213227
"918",0.346722527362535,-0.924642167864649,0.664626426503137,1.04263919387234
"919",0.981181370462265,0.425346601110447,0.45024042462715,-0.295453294767091
"920",0.220407777729795,-0.62131567537118,0.901821801042221,-1.54577005959674
"921",2.25603440301997,0.408543271001069,2.82586300161306,0.304647264909798
"922",1.25649686185371,1.50270637711605,-0.341800532741488,-1.56570853005689
"923",0.0807973947653383,0.12905113706516,0.0373112238474328,-0.386700347337028
"924",1.04909975489172,0.310756883180455,-1.57448491426121,-0.202812798536967
"925",0.496425826776363,-1.29212008468804,-0.202202020918148,0.297976329828029
"926",0.0551700795332267,0.849019301873137,0.845238428490988,-0.469834621212069
"927",1.36394676331232,0.512359757652143,0.412564451912087,1.39754963503401
"928",-1.56355477879295,0.138526365629485,0.023225979394803,0.809773573771666
"929",0.298835047995686,-0.556266716982723,0.621217754806791,-1.15818061066579
"930",-0.0160030910402364,1.99584421886742,0.109222838072996,2.10719748420706
"931",0.044166917091631,-0.713548475553443,-1.86723045909004,-2.63592639792484
"932",0.521999780061425,0.924033861653942,1.1985869921492,0.124518479000685
"933",0.494195028269933,-0.528083808485805,-1.44621014365638,0.763665833319538
"934",0.595611647801238,0.161820439078695,-0.142197867314382,0.0843016118468237
"935",2.0241715724483,0.624545032544228,-0.506958749837269,-1.0784669250259
"936",0.603127403682237,-0.307307913697229,0.0976994162014169,-2.83727838923724
"937",0.729300264232756,1.38747005479172,1.32057702502326,0.228225903931362
"938",1.15665774225028,-1.18711302354572,-0.891781319298634,0.866594914559661
"939",0.0870867752516236,-1.83417000510225,-0.528712320144183,-0.880340399975242
"940",1.09390902349108,0.586994227312634,-0.873826017603774,-0.0649920516755318
"941",2.54630427892309,0.319866495388799,-1.76696701459607,-0.527711330016648
"942",-0.0235958033436124,-0.400342599382401,-1.03034607388371,0.0190548760185133
"943",-0.463777118479937,-1.73181134621243,-0.410635568619186,0.413199041315785
"944",0.228763088246884,-1.93918657005026,0.766616714308408,0.354724467606715
"945",-0.420215142652176,-2.5279915680998,-0.18619461276848,-1.8113181472408
"946",-0.135872192777581,-1.14360357085985,1.12292037055001,-0.488015134134692
"947",1.43349143192693,-0.101548514098737,-1.18606803295405,0.353272113068093
"948",0.059544046823577,0.143242890015542,0.171020221630312,4.16168334578575
"949",0.559686665446234,0.4803938906574,-0.248331199733962,-0.522208725189521
"950",-1.96036653819601,-1.59069268126113,-1.65538363046921,-1.14887609862435
"951",-1.402505829896,1.90189166846224,0.149210948558782,0.940187954865972
"952",0.403943563354613,-1.07805599156891,1.14184043582217,0.711629765533045
"953",-1.26403712993556,0.571817660256277,-1.05894675206776,0.827251921722445
"954",0.662899494840935,1.25701602558967,-1.35792504279085,-0.18653522506678
"955",-1.1479728089629,-1.46283987864567,-1.84707936792436,-1.07402824331793
"956",0.161647846146433,0.290045115243094,1.53740490714779,0.890920542399288
"957",-0.953506207920795,1.58146428920576,-0.482924775807082,-0.603292947818192
"958",-1.26417705361204,3.02233431118975,1.08173828335722,-0.490994391016467
"959",-0.31886204036571,-0.520765493458169,0.0973177029607587,-1.57036303505166
"960",0.370884451534798,0.664267081180088,-0.235119599667238,0.691367958007437
"961",0.941116550524093,0.484161059106719,-0.421608395679314,0.695208677081276
"962",0.119679338333456,1.98612246047808,0.419417499833921,-0.460733014142776
"963",1.43879972973166,1.71076388160174,-1.17109698382571,0.0847990754223931
"964",-0.475564863436145,-0.647858986005139,1.7471212789741,0.135519932074473
"965",-1.22954238271278,-0.579715415373099,-0.281573806743187,-0.353247905804249
"966",-2.57489472202054,-0.472791993903367,-0.495559706837224,1.20491577603415
"967",0.789578301441647,0.695293682163997,-0.820354228399509,-0.6038957142148
"968",-1.34699290484696,-1.05832864986006,-1.58983776728235,0.0948587980789531
"969",1.69780175575101,-0.969684948608934,-2.48960893903498,-0.193525359621101
"970",-0.0473834328342887,-2.22947093561294,0.353217700547423,0.138778650103842
"971",-0.618143247116577,0.555460888069586,-0.345810721867692,-0.211398560180773
"972",-1.51986980619823,-0.0716202113591149,-0.395159478823795,1.74306213119425
"973",-0.410944164046659,-0.419400778615209,-1.62930763072513,-0.976584423616022
"974",-0.605445862710634,0.817838514245059,-1.61110965580904,0.219366069321172
"975",0.355095139171239,0.051916699016242,0.446786116611148,0.657325692373378
"976",-0.35237286811801,0.306372285019745,1.39799130121091,-0.366600130238067
"977",-0.101126637691448,-0.427102202085559,-0.0115395409661125,0.516660251509912
"978",-0.128140981778332,1.79985468583484,-0.155373348601508,-1.04046187084132
"979",-0.340855901026079,0.30698729115968,-0.686395180339724,1.40660557332274
"980",-0.643403071293521,-0.531335297404033,-0.342440979848466,0.876375206939938
"981",1.16895109565801,-0.85240183209717,-0.506547569781647,-0.499439088575482
"982",-0.435370788973942,-1.27267327276067,1.40414812051015,-1.284548403578
"983",2.55121662636166,1.10011827558853,-2.43396181834075,-1.26184357193042
"984",-0.0134350782656405,0.36851469848299,0.736545379504166,-0.000869731578258934
"985",-1.54574308883564,-0.684772436083825,0.801961796763191,1.40916209582286
"986",-1.80476847912329,-0.247502021890178,0.685700412152712,-0.816363871153488
"987",0.575054376228452,0.368226671854594,0.447655492267712,0.186256684969468
"988",0.636392831807575,0.145631441859993,0.0851422235880261,1.71392864181524
"989",-1.23612132296362,1.22679740823188,0.569259838287613,0.0412682293618242
"990",0.329346969684054,-0.531570461698178,-0.426209423290395,0.116365787058192
"991",0.927622488072251,-0.84655120794751,1.83317932192929,1.88712922223552
"992",0.325128527063615,-0.457142553635697,0.700793207675983,-0.703189656805799
"993",0.314561276724659,-1.72268361744856,1.80793326784102,-1.32544100815047
"994",0.378739127896066,-0.0860455040072294,-0.480237145297207,-0.977300321570517
"995",1.45162726065962,0.770690378821159,0.309485006689369,-0.553621609160903
"996",1.22319362132461,1.7112244211672,0.897754649854113,-0.484098392163529
"997",1.39066442155293,-0.513279240244542,-0.035257432336271,0.401447121453276
"998",-1.49587224022854,-0.655286625224579,0.453811283304045,-1.4141773871324
"999",1.20433774942324,0.607472469663045,0.925174704259392,-0.509007428238189
"1000",-0.849139181223068,-0.696291652531473,1.2464047207625,0.322914288889662
