"","v1","v2","v3","v4"
"1",-0.298677935184779,0.177182030325894,0.72963135788703,-0.00874641976635136
"2",-1.47672506424835,-0.678726618802464,0.466452089048418,-0.61872359273852
"3",1.32053954067694,0.0747018869499742,-1.09361748285577,-0.208947987549931
"4",0.538215702589211,-0.638314973640263,1.76814453929305,-0.420274272613095
"5",-0.185143685224123,-1.03989037934959,-0.0102689299571561,1.20067240260931
"6",0.818204052360443,-0.726244177970381,-0.549623202785606,-0.976485170338364
"7",-0.325420706476437,-0.91545869619089,0.531021668451045,0.837785424816184
"8",-0.587421952830783,-0.230986638852547,1.05366825909717,1.63136804964437
"9",0.305418639237367,1.50229661001639,0.31004921629709,0.297805263402534
"10",-0.845246298961821,-1.02558184349458,-0.503669548049699,-1.4462663116896
"11",0.940313667376479,-0.753419846662113,-0.0121262186068569,2.08118393907421
"12",-0.0448659962970496,1.00535405542023,0.480413425124821,1.82551828909897
"13",1.77763429113911,-0.946868987995252,0.585793059864232,1.30628184129126
"14",-0.111156777228613,-0.251261416576216,-1.4454824272925,0.14172448125808
"15",-0.552996079817578,0.0153961523986874,-1.32144126268021,-1.20056074566075
"16",-1.51397811355352,-0.206945539725914,1.49264764775874,-1.38100659194852
"17",0.499403947032747,-0.663998727612814,0.431192412085929,-0.258577551340363
"18",-0.638082084617025,0.844870968331316,0.365569966926874,-0.268602235446335
"19",-1.0759563387427,-1.11017048371184,-1.63686867433516,0.283848861908469
"20",0.82746399738806,-1.38667499539969,2.77428416699718,0.583074672615668
"21",-0.254496173906225,-1.94660609532332,-0.954852424690232,-1.19541553547069
"22",1.27716004519739,-1.03473117624962,0.101187361613692,0.31918283272422
"23",-0.0236140433607883,-0.318734584316211,-0.370825965008144,1.73781660325915
"24",2.05674138683057,1.05342213506388,-1.36581972295882,-0.559170325994546
"25",-0.668828278446414,1.67498272087273,-2.36367783603111,1.38131030740971
"26",-1.53433146391882,0.654885631074276,0.874641216264682,2.05654032884786
"27",0.547418571419262,2.06122150919505,-1.77000598426242,-0.770776099447959
"28",-0.601429131417477,-0.648018877018613,-0.512485478558003,0.0518529638923366
"29",-0.250503215263519,1.19715426513097,-0.738871399942692,-1.1126935929865
"30",0.420568202589722,0.86053558529819,-0.273898206701606,-0.619732746433666
"31",-0.812837355214847,-0.655969693815269,0.337928187202391,0.234948556258412
"32",0.0632416605986811,-0.938945278653456,1.71072108181335,-0.441095341137674
"33",-0.949716897029927,-0.451156805601719,-0.470210307377432,0.249922771610255
"34",-0.444022697823075,0.812274803833233,2.15016650410875,0.566676477975811
"35",1.18199555725259,-0.0570556728981655,0.555366624419913,1.43161893746893
"36",-0.0891971681497872,0.057233492637016,-0.315398418085249,0.650189893775884
"37",-0.680304451391428,2.1029389719504,0.131160515536369,1.10593321000182
"38",-1.17484566536099,-0.141132353117697,0.513750540348872,1.22754928299238
"39",0.529011597288377,-0.756707762909752,-0.523983832180891,-0.0239339676294654
"40",-1.0384810224472,-0.0693576850783182,1.32170199464407,1.99124800999541
"41",-1.30079163548036,-0.860738571138417,-2.02834068845991,0.424910185573377
"42",1.7850571322059,2.01989575364286,-1.46214323221782,0.112311359716098
"43",-0.378784201650794,-0.987821859909652,1.31262891154092,-1.35004944962474
"44",-2.00316175241996,0.783999183686401,-0.172581382240242,-0.568276704257443
"45",-0.881123834953319,0.794265360522032,-0.522032128469699,-0.11225265356679
"46",3.09971441334747,0.254431730993453,1.12322527438808,-0.152806978609502
"47",-0.114683285643881,0.678109691769203,0.425627809786695,-0.209344291812195
"48",-0.905904355505353,-1.09273756773517,0.483569724764186,-0.710613304962765
"49",-0.690572611729566,-0.337414816064392,0.645171155553848,-0.249328413626322
"50",-0.76712504733267,1.80215683908316,1.99096439851169,1.39368746484045
"51",-0.260433056871113,-0.525981240980784,-0.320950842002592,1.09594873990373
"52",1.19546895617532,-0.781376104716294,-0.510906711577889,-0.490899216432173
"53",-0.245849481845749,-0.902356579258857,-0.136019963862285,0.38616608635425
"54",0.267304178458333,0.674113398766687,-0.0542179759033014,0.368009041885931
"55",-1.11095268210958,0.956057369951962,1.22671033422548,1.98605680504307
"56",0.104260341000296,-0.0984612771071801,-1.96456673332351,2.00966293327705
"57",1.12856782364617,-0.888380188441285,-0.593316264744079,-1.41713603200143
"58",0.052218726145739,0.539793835546685,-0.583754042195659,-1.63503408440983
"59",0.881225528948432,-0.48458472903305,-1.57902556872021,0.0750441685776466
"60",-1.03142560507156,0.847230459840011,-0.10526590422239,-0.604905688914137
"61",1.35022795464402,1.7213607673976,2.08371087943128,0.830995125942545
"62",0.222313336732203,1.38568083054329,-0.205816586850706,0.438572673428284
"63",-1.58222811391042,-1.52453961636622,2.26822178887052,-0.282984278931731
"64",0.968591333527757,0.0217502738166418,0.303828941572988,0.44473023028594
"65",-1.51204651810628,-0.789191557098775,-0.0665795677255147,0.839694368002956
"66",0.114691095844403,-0.215395723524404,0.0408688685234627,0.659823380602775
"67",0.602448016134864,0.470962127207323,0.663625011846865,1.62133581286753
"68",-0.0101740730549831,-0.783555596904547,0.298441282001396,-0.491635587009406
"69",-0.954460165181252,-1.17056064666695,0.723355709504592,-0.0457109962880868
"70",-0.169880753061266,0.503047544838572,1.30973724513425,0.813655455831804
"71",1.72435152313268,2.4129966346906,-1.79892755390903,0.531850094660728
"72",-0.134660466985812,-0.388643714546146,0.105896633415563,-0.224535768255196
"73",0.0273436120602547,-1.05400552416698,0.875574905076549,-0.959070560288039
"74",-0.871209604178396,0.737069885062666,-0.017731775056969,-0.372719190795176
"75",-0.0829712064861757,1.54892855310867,-0.0670914803579972,1.4268627374417
"76",0.575368897011116,-1.08097200484574,-0.593833707797798,-0.43206474309891
"77",-1.78532467399889,0.815072955215929,1.28118385855738,-1.54586775921092
"78",-0.484245908031317,1.73734672805501,-0.312523882855546,0.0190338097680887
"79",-2.33781457802905,-1.01317012919435,0.736717087824194,-0.0654109030343999
"80",-0.454699757053363,-1.21294488393118,-0.330164270569077,-1.03308323100392
"81",0.473095605087013,1.30135675326276,1.85502207795811,0.852538107601513
"82",-0.528431868390109,-0.139404089263266,2.02619145187035,1.76211517319438
"83",1.13175250886869,0.343325907880689,1.19195044734601,1.5208287616391
"84",-0.0458991573944541,-0.109393769382026,-1.60002422391944,0.874345659985441
"85",-0.404592721897132,0.220168690235771,0.0591152851708845,-1.38794339118386
"86",0.872229359521042,1.71463507412163,0.81561956504726,-0.971019032506879
"87",0.000582421079291234,0.801712456704233,0.0661692001615256,2.32091645809788
"88",-0.941558729756288,1.10017526290434,0.80264471263968,-0.610391887812289
"89",-1.28871185229362,-0.44610131562318,1.31625902021426,1.55217044136633
"90",-1.2378963647541,0.543083334636172,-0.792389225741802,0.248898050955612
"91",-0.503019921795729,-1.52492668035419,0.424485657249346,1.99026415714621
"92",0.809217966956563,0.619595709377694,-0.749942392532105,0.701456560688371
"93",-1.16297506538517,0.710462459114985,-0.999693641514197,-0.403452808457899
"94",-0.682389810778151,-0.646761986240516,0.900083200995267,0.646917778399766
"95",0.457517528041804,1.41758760625798,-0.208640572359994,0.014861866506497
"96",-0.542889935962164,-0.816630482197717,-0.162069941382277,-0.868737901127864
"97",-0.36369160245789,0.187579404323021,0.468088132293704,-2.07761181461469
"98",0.0361576814938033,-1.01091184084838,-0.105569822362504,0.195791850926406
"99",0.836615209367968,-1.050462934624,-0.867727314115367,0.860298323580051
"100",-0.374114366946784,-0.716251538090684,1.15993922322092,1.06513473251269
"101",0.425849771629669,2.0030407091517,0.907857984356663,0.792903126727926
"102",0.438845094246086,-0.212797656219107,-0.0797475898369955,0.97597337354172
"103",0.441276961332507,-0.846771627641551,-0.453745964520835,1.34557170609076
"104",0.475495193019986,1.0902469254902,0.935389230401158,-0.762485038903969
"105",-0.402129427167636,0.306083411312194,0.204882314289066,-1.0522410852794
"106",-0.156410313903577,-1.11855082274903,-0.304568188270962,0.62128578662426
"107",1.95122609213576,0.43753343209405,2.34727493021695,0.555913336019833
"108",0.32515279882405,2.74845940680337,-2.4529444416799,-1.06076999405807
"109",0.18886917656743,0.616832670404235,-0.24969963110994,-0.442113315729345
"110",-1.47007721127171,0.908738411379792,-0.184090445136198,-1.03498057072449
"111",1.76268170341004,0.530572737668877,0.816495980489606,0.782559589373946
"112",0.0556720940797543,0.454022830643098,0.319189893313441,-0.0836153052529248
"113",-0.928789985129413,-0.144863166384649,-0.365059920719986,1.7849553087568
"114",-1.71047231147875,-0.222326833657235,0.39918482646871,-0.462187510621212
"115",-0.680140945607122,-1.79937770025535,-2.0733501461927,1.42353123376081
"116",-0.853595581073498,-0.991361602045641,-1.14670254469687,-1.54483840629762
"117",-0.436478894745633,1.01603564791597,0.553272545822971,1.01608539642586
"118",-0.115022213385664,-1.89869348868012,2.24209363661166,1.02578283349982
"119",0.774005257215169,1.35466857607573,-0.0605532193484329,-2.44004224819599
"120",0.183630181776312,0.865125470627314,-0.0139614835619301,-1.82489803385264
"121",1.47234732976059,0.020237469057165,1.04627981232901,-1.47111333441503
"122",-0.571952173685674,0.904836274485681,0.179380813152759,-0.522262885232067
"123",-0.760750141068122,0.476134765855643,1.7113796129232,-1.04425765871452
"124",0.361298883982526,-0.0200574818834203,0.110063059292785,-1.04238500956657
"125",-1.03976148855309,0.836320218814329,-0.301516829586584,-0.0538547373400586
"126",0.270027353722231,-0.86550031849757,-0.521912007893453,-0.503082463242465
"127",-0.818909203820659,0.361391557911483,-0.727909845101664,0.136366200880061
"128",0.93770211979171,-1.25956589129981,0.94671006989711,-1.80415121540578
"129",-0.199540494259738,0.314345307366471,-1.5667755246857,1.40344657665416
"130",0.163369815920394,-0.165915242023164,0.393514433055011,-0.543414168956515
"131",0.493683729495305,-1.44695184914768,0.976595396102866,-0.51246169775918
"132",0.968089014813501,-1.01833044410068,-0.5091440304821,0.928797760743368
"133",0.554589112376635,-0.152306440685028,-0.533254837265445,0.850692866844686
"134",0.683651880038774,-1.09523940175451,-2.13502777276537,0.260860774753272
"135",0.174847570016407,1.2547398493954,0.181583270902244,-0.760158572333227
"136",-0.77113003692846,-0.225523473425646,0.172322288517376,0.867177685765259
"137",2.01248574968066,1.19128027993819,-0.685532178005231,-1.37850508630001
"138",-0.425865073868912,0.795490381856544,0.38351513424778,-0.714669338072386
"139",-0.159649498456253,-0.328039501663795,-0.896399865979891,0.973957087537609
"140",1.26242408310628,0.654432437505187,-0.637682491175896,0.507444628342192
"141",-0.14874342120261,1.07481074054549,-0.853995653272196,-0.50978520664429
"142",-0.324665516248498,-1.16663106104181,0.062790816777905,-0.338585302348957
"143",2.17182441516787,-0.161523095050777,0.220194111707954,0.424095211717383
"144",1.4722906884019,-0.803771607596059,-1.38391610060683,0.485131106196901
"145",0.203959107545036,0.474627177274209,0.871439360610872,0.394731050901423
"146",-1.10988799440368,-0.157853677941792,0.591112477044926,0.404334577487148
"147",-1.20274359628339,-0.0110546309781043,-0.812344491774284,1.12135093709722
"148",-1.09111688382369,1.96050175902538,-0.125042584590982,0.253654033944234
"149",-1.3200257720223,0.644401012626349,-0.519631486897129,-0.356985082352177
"150",0.124323764175131,0.40322911297218,-1.55494770452953,-1.16517455503042
"151",-1.07738336303141,-0.0258248903954111,-0.340638115935231,0.311088924890952
"152",1.46688738035065,0.773111079986698,-0.371558742343795,0.35136702431171
"153",0.782733525669901,1.14771617503723,-1.68938597665492,1.09202315678758
"154",0.973881908671478,-1.26440815874181,-0.487841477916859,1.50810379302189
"155",-1.27317770393621,-1.01791505723686,-1.16942937559667,0.0255224939027208
"156",0.117845312021101,-2.36022454904352,1.68612039178622,-1.15181814807536
"157",0.138658229865241,-0.0136564857672361,0.893447267553237,-0.783020747275228
"158",-0.234532771915407,1.00059866724794,0.584375422093433,-0.168591402200479
"159",0.0801632634213987,-0.506132564079248,-0.788035990013836,0.584617963122143
"160",0.911204182820009,0.757668208536737,2.06263841178993,-0.0174044776565371
"161",0.306381881233214,-1.13687366907407,0.300120071173071,0.403224556772769
"162",0.433371112724883,1.13913405477505,-0.203294010226815,-0.650884746078729
"163",1.63117693732855,0.87367262055028,0.154199285575658,-0.682354311182392
"164",-0.521873359346896,0.624746563781481,0.917399919525173,1.82819224388793
"165",-0.0290822662607587,-1.63399624829766,0.320090094017909,-0.457308998681646
"166",0.279066881926051,0.594222697323677,0.11850701599878,0.879896278575514
"167",-2.19990627256735,1.97235801262005,-0.731292873132543,-1.84941569213405
"168",-1.36147236318572,1.17333998366438,-0.41429679205488,0.964438264091983
"169",-0.215990184257293,-0.794638138798762,-0.154805098789488,-0.397333192054624
"170",-0.695649517255736,-1.13114611720459,-0.274266428432554,-0.877618411208138
"171",-0.308983879149953,-0.799244052716017,-1.18939857984383,-0.34221294449624
"172",1.33692219222449,0.0196070333289772,0.101706262827777,0.0128948697178531
"173",-0.129425730473621,0.234118438427314,-0.0753566289013484,0.486307635612174
"174",0.0979080989933074,0.755288662479837,-0.152546009083933,1.03185670588476
"175",1.1160372149111,-0.885603532785418,-0.181133257563262,0.138215361322751
"176",0.460155408836663,2.36673544806324,1.66938215625463,0.460017442962229
"177",1.15895730545366,-1.58038370018982,0.669532799731182,-2.11419330308865
"178",1.35171451533577,1.00842880821043,-1.23148476225455,0.990825962667864
"179",-2.41045655813713,-0.666192809316275,-0.0372690183486946,0.546504849538841
"180",0.467637597850676,1.6062048689898,1.63722949122534,-1.41220983715859
"181",-0.779327225681512,0.272614651487754,0.473914655489237,-0.554361748321978
"182",-0.102779714962423,-2.35565426875157,-2.25964788328381,0.261494637323912
"183",-0.758801646062795,-0.0203757667228942,-0.0892623650540977,-2.05515437253038
"184",-0.83470356339522,0.221900847572126,-0.744249645313551,0.131429481324848
"185",0.0310367071476779,0.946247420917414,-0.1430449872219,-0.0705140558570577
"186",-0.356720993571507,-0.155794079434978,-1.21724329996475,0.389324326648031
"187",0.50073119544315,0.650590892645163,0.520414761005542,-0.224110290474883
"188",0.356664824280152,-0.0448825514651384,1.76022104326061,0.206944088813283
"189",0.547620972632135,-0.293975169012381,-1.24427522978457,1.1854618683218
"190",0.857612131432837,0.337087061805344,0.0466312772079286,0.38587831650278
"191",-1.16849960215411,0.0256014518095397,0.795330330201759,-1.81768141359923
"192",-0.766525592241868,-0.995252664478273,1.34904007962125,0.204896661822164
"193",-0.455957407172674,-0.842337775615409,-1.08980573362744,0.783204805137578
"194",-0.901480027061612,0.0905401238422508,0.385959168086237,-0.539789715675435
"195",0.506211172099129,-0.416004487967033,-1.14991907737497,0.555816065322507
"196",-0.0177019973604042,0.944122698268139,-0.250243447413511,-1.04285738970182
"197",1.51238270540233,2.01153685503196,-0.563517974938534,0.0319630092157645
"198",1.12261376962539,0.305316168253685,1.07477053660816,-0.335778509424015
"199",-0.0231839115686583,0.120012495427838,-2.1081973595704,-0.76871340281345
"200",-0.0988052149112685,-1.108903225518,0.443678602383395,-0.239011881718239
"201",-1.03776377598189,1.22191878300692,-0.0692094868188726,0.707913477496669
"202",0.648098042744556,-0.216028570758423,-0.587498934771953,0.236259653149151
"203",-0.696513745046589,-0.633084743002564,0.480018298087982,0.819337975166563
"204",0.555092002635173,1.61794224029337,-2.04529189181119,0.284361624988601
"205",0.865368746201354,0.0499938866927292,-0.285640701046865,1.11832103627685
"206",-0.603587073913136,0.0900962907664343,-0.676011980939005,0.485652003550707
"207",-0.749262656578489,-0.0847697586125504,1.34708825336647,-1.30883008175073
"208",1.09156670322925,-0.175502566745536,0.0434725092821539,-0.526106630772296
"209",-0.550652010085025,-0.283343916038298,1.49045127043996,-0.771193603267134
"210",-0.73237633967337,1.26199187788443,-0.318940110542535,0.195968250601895
"211",0.678898253372942,0.238341003160487,-1.61046831001937,0.436415382472965
"212",0.155238744385842,-0.516742948363669,-0.180490441365538,0.88502041142993
"213",1.21231264391094,0.331317161819456,-0.615564915202186,2.61837231508654
"214",-0.479295471667639,-0.289620216891461,0.412846483183607,0.746450261839595
"215",-2.12238949930379,0.192101473027815,-0.425677931640173,-1.20874358278921
"216",-0.385634177282134,1.47379445410451,0.37980946120649,0.187391078671215
"217",-0.53031476432585,-1.19003308400964,1.31756805375794,-0.553034690593096
"218",0.989176330424482,1.71072057702269,-0.746611747162241,-0.39198442780365
"219",-0.309257112194629,-1.70713465134427,0.938431170255284,1.71904072222268
"220",-0.436738508839809,0.438275906446075,-0.473274541859366,-0.430124358744715
"221",-0.338995964616575,-0.553985527049162,-0.466379105299192,-1.25432516584826
"222",-0.0699510649676769,-0.554884755586674,0.162204608219857,-0.0566356891063112
"223",-0.353631008430295,-0.394917334732459,-0.549611714913728,1.1834571192173
"224",-1.72103336000941,-0.124023006271342,0.109765599634935,0.793086342675537
"225",0.611156401523967,0.263361706381301,-0.291301537511811,0.82023351010518
"226",1.14388254766531,0.535253562540171,1.46935864571852,1.19781924862964
"227",0.313546790891326,-0.578347771100484,0.290083181971677,-0.353661647656115
"228",-0.242346210204969,-1.33050906442263,1.75155387920257,-0.957005832420183
"229",-0.325608299586501,0.982992974941813,-0.349580158833082,1.11178231997458
"230",-0.231875866477396,-0.186787713106918,-1.65068651622191,0.661651386081578
"231",1.07775941225747,-0.457897198109728,-0.730795891762128,-0.960416369137463
"232",-0.0792404260852398,0.983005526985974,-0.950240052738974,1.29370951760407
"233",0.441397089950346,0.346980529255755,-1.95215098058617,0.223877146323495
"234",0.377276290192385,-0.220783829740658,0.0670755907380939,0.148176944219641
"235",0.845052914058396,-1.1053125142055,-0.214729859390904,1.60907903571267
"236",0.669564171386996,0.343564530328696,0.468776007437321,-2.4350564965529
"237",-0.629479117584359,-0.221263046669793,-0.632686888535775,0.28243796296742
"238",0.257609046856724,0.941247139493018,1.59892948730265,-1.20792687432337
"239",0.0181740671651481,-1.2051405234832,0.536118355988604,-0.472801548731075
"240",-0.709865951710539,-1.06197654785546,0.905318856932789,-1.33305239724942
"241",1.76187649505864,0.818092835124561,0.65418577843053,-2.03895777681205
"242",3.04210666514492,0.630914216709956,1.40966282226905,2.33221344042976
"243",1.05747168411258,-2.0011536863915,-2.63797054204422,0.722443966815057
"244",0.984854455598477,1.60411729759624,-0.0312087937131552,-0.47258556038239
"245",1.1028260180609,0.482933039795125,-0.822942191541934,-1.11128829433241
"246",0.874952745264557,-2.48742398844407,-0.0195214848907131,1.20298418759934
"247",-1.18512867591232,0.681153245408199,3.4377087507804,-0.898218315111862
"248",0.254180386547956,-0.379877478100907,-0.315378550688444,0.265184036425268
"249",-0.23133813176893,-0.224476631327837,-1.19150747223609,1.01347448623266
"250",0.956303715580848,-1.13681772975833,2.07285760497305,1.39064642433948
"251",0.677750856999968,1.05858843446591,0.394385039222258,0.250322415155084
"252",1.35480495576885,-0.920109275026637,0.121850963300057,0.315727110713243
"253",-1.28519209016069,1.01969940217231,-1.36818910533212,0.331060029075429
"254",-1.35904818065064,-2.47409371221727,0.452345146503294,3.1113290068665
"255",1.28235390929492,-1.54119259027299,0.33135029242015,-2.23953684132117
"256",-1.19436611596526,0.926530719334605,-1.8119418183535,-0.347193548066195
"257",0.559368104357266,-2.3733172837437,0.775539355735115,1.58877460627835
"258",1.59568225170562,0.242005573860323,1.31998091701236,-0.895492589960817
"259",1.0310212702276,1.24942178700644,-1.30159047939137,0.279703778364562
"260",-0.00988103461485459,-0.634754515416133,0.401092682430399,-0.628715619428987
"261",-0.238915482292534,1.20066678567171,1.40504939174645,0.866795437754957
"262",-0.841458829295044,1.43248626613655,-0.908627148394503,0.224219684852121
"263",0.339173709274036,-1.86324309460135,0.897137548117451,-0.287731946470295
"264",0.645493684487542,-0.915906436195365,-0.546882938287129,-0.329542699653357
"265",2.28290965731534,0.697944162567416,0.277227046464579,-1.0071469492685
"266",0.0946535275620221,3.66017215187673,-0.817751007678288,-0.225196821465546
"267",1.54999107833043,0.474398701289825,0.939499560819452,1.78726386274398
"268",0.351987536647234,0.59453589245696,2.05189521550811,-1.08747221406872
"269",0.712295054115281,-0.174363215164361,-0.515305655837003,-1.635599844855
"270",-1.19087163044666,0.322839527964976,0.0212418820474973,0.53528049624683
"271",0.432361778302414,-0.582639145335523,0.558575266025242,-0.777849376349179
"272",0.520281692553552,0.203151700671141,-0.474956797091296,-1.07392326015196
"273",0.0596672182132195,0.469770713643714,0.305636211102726,-0.211365857670016
"274",1.79669437762696,0.159215920974199,0.419611170367504,-0.116491371426719
"275",-2.35247094438309,-0.630088252166562,-0.491194290066021,-0.423233064289747
"276",1.52178557919337,0.926321408065014,0.0925751297402955,0.445399864383368
"277",0.476627646024411,-1.06393052838401,0.723046279255872,-0.968279632923865
"278",0.342308652336645,-0.241621752648961,-1.60920912414131,0.678910703653711
"279",-1.03330547377971,0.567638648901291,-0.865453640945421,1.7646979798919
"280",0.59528465951251,-0.00180942086329559,0.688335262338814,2.19539396263474
"281",-1.11352384874132,0.11225817648688,0.0587955597494306,0.963562432761088
"282",0.217426938930486,-0.532070263314035,-0.890881250124987,-0.916221442993319
"283",-1.49677011656143,-0.541700723748803,0.0852697627010985,-2.08092081816012
"284",-0.645813395007874,1.23034172660452,0.111981064539298,-0.773834021959713
"285",-0.436138049200431,-0.145651288205926,-0.386731330713481,1.05491173649658
"286",1.05108706162936,-0.428073964648126,-0.176104694535398,-0.402422472696635
"287",0.517198027167681,-0.21585941894223,-0.254203020745658,1.15866547729889
"288",-1.13323047613508,-0.453794403417434,-0.483616353778477,-1.89682288393814
"289",1.44660627838097,-2.00314525506447,0.784691861257746,0.69877314671946
"290",-0.0487405659472957,0.434282671820454,-0.499959457022421,0.336800510514404
"291",0.149555684865667,1.54841208287538,1.19310596665149,-1.18364058047833
"292",-0.787264937673208,-0.318991669556435,-0.986580835347973,-0.512495968149068
"293",0.142736162503384,-0.187701125552181,-0.573735368209805,0.519575858658236
"294",-1.68899525366448,1.82670147703505,-0.415957618761244,-2.25751173104189
"295",1.65374573609061,0.0304787507543013,0.968029146834277,2.22491005812542
"296",0.505709175514232,0.13075528215797,0.528536179762794,-0.239610835483783
"297",0.00528006879869001,1.07667047294605,0.0346726488150387,-0.700738261888371
"298",1.76002048080693,-0.04517133516678,0.841020514549379,-0.954267085246524
"299",0.931683352159433,-0.462223247155232,-0.621746344325116,1.51970247139971
"300",-0.744180336891669,-0.145219522393015,-0.0620286555423353,-0.0699319329392879
"301",0.464590949356038,0.715083315201683,-0.430091828330155,-1.0459148774651
"302",0.217522537831921,-1.38183553952435,-0.234391137464714,1.78191318837898
"303",-0.605410001087947,-0.677853043629138,0.335450061375527,0.0132724488340513
"304",-1.11219729967839,-0.542136699283693,0.73529633090198,-2.14691486131814
"305",-1.38500105337059,-0.268212152149768,-1.61797992401604,0.673777592926438
"306",1.36905925500567,1.00402213613026,1.17238260320396,-0.565122992803991
"307",-0.854626601235581,1.04657064313405,2.17864647510173,1.59164172970157
"308",1.64058897688895,-1.09905787618144,0.492274075239048,-0.276014369374762
"309",-1.22937953875839,-0.481588596510458,1.73249548794044,0.0520895960339564
"310",0.771672604216794,0.443433678639094,-0.469130944269484,1.28817392756563
"311",-0.0354931980100303,-0.754402888511617,0.458193599779234,1.11873805501449
"312",-0.460798939195344,-1.0294853958827,-0.111135181260825,0.20385503451696
"313",0.380179514355045,1.69679025485216,-0.181733258437245,-0.772541991046254
"314",0.421281461252133,1.41420460991122,-0.882342071469381,0.387177007791057
"315",0.64646041657883,-0.597363057870635,-0.321885783936761,2.93229992833702
"316",-0.990730045824798,-1.07661995949832,-0.172605825038766,-1.56408979165857
"317",-1.26831400247017,-0.608731085720503,-0.716738927249879,2.18077471284617
"318",-0.939729406719336,0.0985990491744139,-0.366547572936033,0.511296061850556
"319",-0.274860157345489,-0.727677077574342,-1.28798810820624,1.54070299694273
"320",0.716869074650681,0.26978606221232,-1.06953826913554,-0.27682807701706
"321",-0.239160951564244,0.00822087232657749,-0.204604228654567,-0.748083717639559
"322",0.219707768785215,-0.795601776642652,1.12220425598236,0.575146695023562
"323",-1.32729723082144,-0.838552843761385,-0.346618777987908,1.62719933673292
"324",0.864555326388231,1.38355649743397,-0.1671733891815,0.805663010414113
"325",0.207350985890747,0.515358316991822,-0.439746497727269,2.77351042391613
"326",-0.216748091091981,-1.21778522984187,-0.517150966698415,-0.722098964965609
"327",-1.19012593652098,-1.41094298155394,-0.482641458285551,0.132553452751528
"328",-1.00951152095355,1.59122935415215,0.304200226943179,-1.44267972905546
"329",-1.04402443773415,-1.03357361377478,-0.0518298392230561,-0.801534138053059
"330",-1.6249199686963,-1.44138724592838,-0.18114975912025,1.01538673380803
"331",-1.46294308050028,-0.46459315252607,-0.0970192122296072,-0.0859824274234059
"332",-0.184977080658775,0.900311727434885,-1.20131393636255,-0.00167959680908474
"333",1.65012823223624,1.07480025533999,0.350626595461977,-1.89414870565878
"334",-0.548311350202016,0.131821851203194,-0.146991388936719,-0.759252096250253
"335",-0.417702424467752,-0.0567621501851182,-1.40093201825264,0.642292790676008
"336",-0.614914846521688,0.261803434599052,-0.643603289323446,-0.0263125792316423
"337",0.887682121465977,0.436762140824636,1.43738541369348,-0.695185302671059
"338",0.276272453917964,2.94988036503459,0.988783316937231,-0.230169879281544
"339",2.40916133959408,1.44323493166122,0.66031674402856,-0.170611643368547
"340",-0.931465756764355,-0.982630286412082,0.109165647360903,-1.2643440948286
"341",-0.523333940655482,-0.312641020433407,-0.290480031354257,-1.41066228828465
"342",0.67819321042268,-0.599545595966417,-0.592497124447523,0.622615517899314
"343",-0.454517632567383,-1.09814479354518,0.36089739378314,0.398942166956897
"344",-1.71256998170541,1.06921646500781,0.925549934463,1.46232262924929
"345",-1.64399642228966,0.902950661181377,0.736646986819694,-0.00420571137125282
"346",1.28129235968913,-2.67836372005809,-1.418925192056,-0.307875088343585
"347",-2.06463011362621,-0.147937777421657,0.492023781622726,1.4365117744094
"348",0.490550432686007,-0.279821160610473,0.304316509206251,1.39752213548598
"349",-0.430093280736892,-1.70985378839163,-1.33518761280819,-0.0813837820844434
"350",1.17752266812066,-0.292005115946642,-0.264730622820911,-0.0402606926511576
"351",-0.928110374189755,0.0505413375637418,0.876582168626183,-1.30113185700944
"352",0.640242746465762,-0.698543948189837,0.395990164784021,0.913258337855207
"353",1.80840973272551,-1.72826084125643,0.0953094909607751,-1.8538539606133
"354",0.848720009900196,0.359404981123461,0.593938012938788,0.279200040725838
"355",0.77252743659174,-0.117575967673476,1.84854176106742,0.553589126602043
"356",1.70459048830065,1.005498446513,0.0943679894015416,-1.22205450889855
"357",0.612403354893785,-1.68491865358533,-0.0631111255302367,-0.143682973090937
"358",1.83007380998973,-0.440638926385104,-0.615299954176193,0.128374845102741
"359",0.131292550298681,-0.294317514449889,-1.07350604752955,-0.0259867446704483
"360",-1.18952850796048,1.14660859162608,-0.392682079849093,1.50754876574151
"361",0.1223011964641,0.31849255911913,2.28127547894069,-0.376163704977178
"362",-0.0909470402875189,-0.193499485394462,-0.342730650192703,-0.0490946675257394
"363",2.56383876457867,-0.659047174426703,1.16823585971093,0.728082979808822
"364",0.98015977028702,0.142789490835441,0.0529259819956462,0.538819960234726
"365",-0.418325968285566,2.40853056825676,0.39394874578103,-0.475726022892686
"366",0.325355027912075,0.258275562562803,0.952764118496596,-0.71109961090427
"367",-0.103326509861389,-1.20751979582407,-1.53735496724926,0.0451519793820327
"368",-2.05947854598907,0.746061035504407,0.0881149631157444,0.107735907162668
"369",-0.428603320071919,0.11886224587001,-1.04797477032034,1.47396996534792
"370",0.439965438237386,-1.18381044879365,1.79740190470308,1.09892104921196
"371",0.155405189373718,1.04007145355728,-0.626861189220237,0.672828436937651
"372",0.359206340959365,-0.474517207013309,-0.286473601346929,-0.342166924757613
"373",-0.801044810735242,-1.90287801019553,-1.42322434261522,0.0326401197997755
"374",0.333178286754303,1.03783905316201,-0.159076388235232,1.12970995455244
"375",-0.440799993782986,1.65798490768972,-0.523427534085048,0.118854310412023
"376",0.901430179383131,1.30420309787867,-0.345140406482942,-0.398595996174795
"377",-0.373854560053111,0.816997579720362,0.673994825053922,1.99633770516827
"378",-0.113011008542423,-1.28733866587353,0.0665397401099229,-0.0423249809663049
"379",-0.383462112799773,0.658364666526652,1.80890678846006,-0.981138091764286
"380",0.0300231925544995,-0.685212578537385,1.7862942040231,0.0717613634705119
"381",-2.47257988836452,-0.0587832415008294,0.0998901095505343,-1.30729496641132
"382",0.138528119370827,0.429641917633438,-0.590273158004493,-0.762058448404554
"383",1.65186402937749,0.864600593195256,2.40304028491883,0.574901175444657
"384",-0.105814355928087,0.650664291618085,-1.53165637083996,-0.189292292779159
"385",-0.400996488252839,2.23474138845084,-0.739263735649863,-0.06290863834236
"386",-0.821963651668068,-1.56722696715025,0.201902306844057,-1.05282396342297
"387",-1.09301004868502,0.720616765090534,-0.233352308439464,-2.32729231137093
"388",0.402470947758994,-1.27336066260171,1.27862436782468,0.229363826504526
"389",-0.759036140785203,0.400509971124929,-2.17514232233775,0.361998246224491
"390",0.621170333594171,0.246078302036157,-0.661479400424649,1.29476782439709
"391",1.60846348443565,-0.101597200423567,0.457333401041355,-0.679730492415429
"392",-0.111492173792444,0.742032380464674,0.181075581760724,0.923507684344304
"393",0.221404738143279,0.246097624735659,0.473947223952285,0.047398806121834
"394",1.31295057151927,0.189583552387139,0.210843935882166,-2.56068247732821
"395",0.781899304286342,0.81688691345183,-0.934882404596896,1.00656566944943
"396",-0.0291750069049912,-2.02151760666722,-0.408739077757912,-0.622667025780793
"397",-0.146513481329609,-0.149926826893794,-1.28826869954831,1.45330239263494
"398",-1.5544727449733,-0.296237129051865,-0.686900836139803,0.161568697397328
"399",0.366775404272701,0.489415361673063,0.00509534919433021,0.731015945260488
"400",-0.201552137567754,-0.0939512286019279,-1.20544534209684,0.848532384637938
"401",0.702497322733196,0.294507449971206,0.252887152800449,-0.711879813821278
"402",-1.01023290001946,-0.266529325285848,1.27270242910683,1.83262328310039
"403",0.804042209195195,0.486658449510828,0.661324959301996,0.132977812666867
"404",0.690017002571148,-0.960149713710529,-1.24883461633936,-0.326822942934931
"405",0.636575409098767,-1.2125125534014,0.764993013174017,-0.524927949157273
"406",-0.780495650864779,2.83313174613383,0.0235743756189007,-0.0676706154961032
"407",2.36748360532505,0.289690525037965,1.45197533501196,-0.665402542995036
"408",-1.51356939626153,0.545986893728098,-0.676603990851483,-0.31792730825794
"409",0.0069846678962344,-1.88057905580319,0.347861931767614,2.57248929636607
"410",0.0341379486871697,2.45656539731698,0.458758751034111,0.69809204303796
"411",-1.00670852952123,-2.15770436225093,-1.24115763950016,0.543553091865294
"412",-0.645655006143082,0.617125868533611,-0.00471404086844742,0.75034138527181
"413",-0.653339701681361,-1.0540730618343,0.5528632530951,-2.25534338937436
"414",-0.989960533170852,-1.88897111636422,0.0745348873513466,0.221390211524291
"415",-1.78188048600971,0.731093540112555,-0.446012698290997,-0.83213311795642
"416",0.0924481292010051,0.183138925189305,0.40111707695974,1.20336669993213
"417",-0.188808597858488,1.48260795205237,-0.764263589458694,-0.0052364392956445
"418",0.918312539847892,0.00208550438504817,-2.07319263885924,0.575793459451467
"419",-1.2523575397187,0.56976616757854,-0.640160958873438,-1.70665218029319
"420",-0.276686624217498,0.362738120136336,0.830592306435878,-0.158959014853975
"421",1.89769891481608,-1.85861991489235,0.722607728532849,0.287804593217127
"422",-1.18915799670302,0.555644176768987,-1.12894372328051,0.365978470486327
"423",-0.58307175366208,-0.785758682425511,0.977617099416406,-0.0847134495324996
"424",-2.03257731764166,-1.92160629070393,-0.25649461406601,1.17548587692746
"425",0.357463857900376,-0.310537993427277,-1.75111975544694,0.758818318562174
"426",0.112350440415417,0.774190034797817,-0.664211897994736,1.3099691148637
"427",-0.810633825852556,1.37756395191789,-1.3182656995748,-2.70583989659839
"428",-0.340296837222524,0.597028464907982,-0.29610188627604,0.132825298372604
"429",-1.21224704901575,-1.44976960738761,0.91409063881136,-1.33933537081093
"430",1.69500964624195,0.209462388008146,0.785326599903302,-0.112617831600242
"431",-1.42411875163179,1.59851578846549,0.101938384822117,1.67072136268684
"432",0.0190543561376278,1.31258778881101,-0.825266634928095,-0.459263302313009
"433",-1.15014591610597,-1.68345593602001,-0.0936424800210439,-0.304218727457722
"434",0.306548256902023,-1.69935168928516,-1.06698490287463,-1.09765919058783
"435",-1.0864525086335,0.513937786187951,-1.86732141128561,0.0484894660805002
"436",-1.22516256186541,0.32683785393385,-0.0738438254426702,-0.305872241204152
"437",-1.12008267743555,-0.570520744984227,-0.693254206901063,-0.0307424042421685
"438",-0.621086351771008,0.839916460019422,0.0275256687300394,1.6389816793538
"439",-0.475892763988762,0.186727348121481,1.119610027536,-0.472570871315927
"440",1.90369112273065,-0.305262221088746,-0.668169432370201,-1.17746424919818
"441",-1.6918947931369,0.734528486835134,0.846717285421426,-1.03937817307515
"442",1.26654446429464,-0.330477014290612,-0.5132008367061,-0.541167152841524
"443",-0.057696621734084,-1.14713281715442,0.142048894510371,1.60945668624244
"444",0.477700794244355,-0.573223025442948,0.39895770469243,0.90664804421906
"445",0.563297534569536,-0.636883851743099,0.368979299137815,-0.708888134633222
"446",-0.566172162005708,-0.391126090364069,0.101031514399334,0.142701967918577
"447",-1.14794525584447,0.698640960704636,-0.137703077634602,-0.428688228413658
"448",0.525209809018814,0.263241718668327,1.46429625671378,1.28374194318014
"449",0.986023598668813,-1.17174219116081,-0.127671977063504,-0.54291791820296
"450",1.43381802059172,-1.14907231594627,0.582752354159669,-0.683625534343072
"451",1.39129537243386,0.192055846532734,-0.977140141744154,-0.369091201372313
"452",-0.166964319372795,0.133501537642071,-0.220417762506842,-0.175627299972023
"453",0.128472299605113,-0.170596681724912,0.526068750143526,0.525133642794144
"454",-0.665307728918263,-0.51794886711857,-1.77647006292212,0.457922267632285
"455",-0.357095549033049,-1.68229367293744,0.322380626113619,-0.0347350247999118
"456",0.165943180677945,0.692406899241286,1.56875279712994,1.35948394060683
"457",-1.7244511743207,0.981214551636344,0.166975064176973,-0.937380141390181
"458",-2.04843730729631,2.09903681029769,-0.403619509844579,0.473861765881636
"459",-0.66084174963166,1.21048431922917,-0.0384985106305493,0.0708052364821011
"460",-0.460056541757382,1.37797016679504,0.858234037555582,-0.778355220548388
"461",0.78192724182922,-0.594640265854084,0.269434288528006,-0.391748953704536
"462",1.0547580035135,1.33934165032467,0.568138765292744,0.157318567648275
"463",0.475618056339663,1.22364952085589,-0.501709510283633,-0.340247366571245
"464",1.98637663999503,1.61111138579295,1.62983947743006,-0.087083312902746
"465",-0.206558019239153,0.114412909129711,-0.25432267179982,-1.44835428264374
"466",-1.00814646734429,-1.11236865139575,-1.16458312377541,-1.08395737502118
"467",0.827133804790911,0.247323326491953,0.415817744263561,1.60252279180902
"468",1.39290741320146,0.600436460242576,-1.02098888667483,0.603817805461969
"469",1.34087711235373,1.84814077984972,-0.987023556556589,0.82829630407666
"470",-0.113375677570868,0.979263986458969,0.111437970196895,0.781991654247424
"471",-0.615352367672857,-0.434606284191764,-0.728484630517558,0.138158448709763
"472",0.161942735719116,1.45097214587006,-0.293583327286167,-0.309167606249141
"473",0.477860652159997,-1.21061428450362,-1.10386908519855,0.246364064717364
"474",0.664052352173613,1.88788106776917,-0.914042716427677,-1.67488083023605
"475",0.880925958492775,-0.867676947394753,-1.58673165046806,-0.205822422724896
"476",-0.325491453967869,-0.439446401033881,0.569281290677724,-3.11960638261101
"477",-0.230129916287949,0.160081563371403,-0.0541096845962403,1.18295888366195
"478",-1.43355507417117,1.23547896348324,1.14931344981694,-0.025077521750988
"479",1.11657133845532,-0.856531298806774,-0.209535449793565,0.456541356891531
"480",-0.554508320548671,-0.0539693167804347,-0.113875831776209,0.454252062271008
"481",0.347708918317298,-0.83505263831502,0.373429291866578,-1.28960602551095
"482",-1.17979070320519,1.5317168207477,-0.133979865501069,0.1144830162529
"483",0.664316992049049,0.114984549486143,1.73639810052452,1.55208039556347
"484",-0.212477728647242,0.461446360056173,0.38974454092802,-1.48968178876456
"485",1.40924980058566,-0.0641745421969706,-0.531817374685273,0.800983739402475
"486",-0.284188059292951,1.90038415415008,0.281448925935126,0.401693235483144
"487",-0.119033878715031,0.915712896619283,-0.261506738227004,-0.758363361962595
"488",-0.0703635808214854,0.31094815111146,-0.731467541338519,-0.411613024321351
"489",0.694563944080953,-2.04223554001954,0.280321887263621,-1.33467612452953
"490",-0.714938634859287,-0.0546092173508344,0.073401015734547,0.697803026219308
"491",-2.03483471269478,-0.0198853380489393,-0.992755094017594,-0.482614816690916
"492",-0.0980222585607445,0.930803476970745,0.940344521931749,-0.218030953420461
"493",0.330573112967428,-0.314103967784211,0.143635520118202,0.594584612144028
"494",0.680777314580104,0.771968139919029,-0.295364091448919,-0.69908561826364
"495",1.59839096131846,1.2892499238134,1.485560428954,-0.481178604667883
"496",-0.658245042926178,-0.947610915309182,0.162002492472821,0.612995122311591
"497",-0.324527546339011,-0.867706205720767,0.420254489902947,0.321836169576944
"498",1.11793293964784,2.45848152089926,-0.682091544800899,1.1682798794154
"499",2.07617716374567,-0.142775055323788,0.546854465758891,1.60268079809247
"500",0.238345653203679,-1.25498396980795,1.83319052459426,0.147623394870068
"501",0.907510909854997,0.742700682235347,0.155177035048407,-1.89721234506076
"502",-1.29697749060305,-1.30088840373705,0.422440591141824,1.51707799260954
"503",-1.52140849049716,0.242485510230076,-0.475608157766711,0.895680193466463
"504",-1.14582125418727,-0.232583475560512,-0.905491717056543,1.6101738255113
"505",0.056916121402585,2.46764830259432,1.81664572554832,-2.29170385451146
"506",0.977710495054791,-0.391754578148837,0.218820611160654,-1.38356140008528
"507",2.12070991618359,-0.107276703376738,-0.436804778473373,0.140251734248378
"508",-0.782050638082925,0.261991330751725,-1.36602882914798,1.50492345123691
"509",-2.54398915505544,-0.663024229232693,-1.38524323945514,-0.0504633551570282
"510",-0.283426772292409,0.888224517487773,0.349587415681927,1.44377273053328
"511",1.44140970883438,0.989767732814095,-0.235742288785844,-0.918145015423363
"512",-0.88187989930028,-2.59783967040767,1.88205467340393,-0.767850006359885
"513",-0.3430400672595,-0.443358787158681,0.120327821589631,-0.720255395178159
"514",0.124865073522997,0.316061724079151,0.958755696937276,0.823918443988651
"515",0.652478255539135,0.481982576797809,1.77821181562496,-0.531587119217145
"516",-0.918918778354208,-0.579419677002909,0.726540123737201,-0.823783704052612
"517",-1.15463561587723,-1.09614889130899,1.16674799896998,1.20527146527275
"518",0.435897658339387,0.824203256839069,0.537986839347766,0.712711362212657
"519",1.28970342450713,0.534701538067647,-1.83358715322524,-0.97147703720021
"520",1.54091716462256,-0.941339694348618,2.06562643411344,1.84589591564745
"521",0.581630988159286,1.76373368643766,-2.10285876554449,-0.341355564121033
"522",0.109624765633903,-1.17325334943433,-0.651262269282779,-0.276995289910196
"523",-0.12570547341218,0.293558789870676,-0.101795427261252,-0.832974319464021
"524",-0.901188520891767,-1.32124872158206,-0.335073489917376,1.84371605043813
"525",-0.292690224963005,-0.184529024019365,-1.17565143102275,1.08989678536166
"526",-0.170686555212245,-0.451938759795923,-0.550365801115472,-0.868653184924346
"527",-0.678691353771861,0.484309303780221,-1.49371539867429,0.372881977206536
"528",0.560161948616162,1.49064501355847,-0.356226175542921,-0.155918304514115
"529",-0.568621741561443,1.61424063491744,0.196883999281243,-0.274045562929153
"530",0.717278512039574,-0.745484844181955,0.0455472050221756,0.456820498800688
"531",-0.889473859493516,-0.402227316120126,-1.27021184440878,-0.504193495411612
"532",-0.723631259468087,0.425857869759858,-1.10268698802201,1.726681797161
"533",-2.08789610167473,-1.30523451740782,-0.694371101798107,-1.16105803703742
"534",0.3413700921198,-0.388302731341376,1.78917717335285,-1.30634429897661
"535",-1.97718357774117,0.0736440402036645,0.250651941502385,-0.947705104981414
"536",1.34580685650583,1.39031039759889,-0.335567649827235,-0.126400532665706
"537",-0.486945198414363,0.733172256367241,0.263322399935122,-1.70978743494446
"538",0.00999721525762558,-0.673645434448236,-0.209441190901881,1.08309075953025
"539",0.487044632589591,-0.607433061320426,-0.703556627798091,0.57682133328846
"540",0.418411353006566,0.910291252091351,-1.92070503444205,-0.710629984528958
"541",-1.00400928365486,-0.0134827236993346,-0.918948437139097,0.594954531076204
"542",-1.35062754617827,-1.14813616990427,-1.93229594255508,-1.5365845514469
"543",-0.939923794971192,-0.0307787725918601,-0.83252890447116,-1.17791515272044
"544",0.280439157194225,1.0273748118519,-1.5083037216517,-0.397449942467902
"545",2.82043563842392,-3.3507659409187,0.185198160286084,-1.20155384575986
"546",-0.135555105600397,-0.233962118951149,0.653100683113933,0.0154283789621583
"547",1.3074957331478,-0.871705358021799,-1.00877557447808,0.636887405115038
"548",-0.295247436826084,-0.81409549168057,-2.02930579750882,-1.41246634252597
"549",0.215231536649387,0.768192360044814,0.910957291233509,-0.999370257671855
"550",-0.0959974835052648,0.229488118719039,2.010736186605,0.883623566135638
"551",0.954173351036246,1.3839097919988,0.026531363773005,0.899534092859217
"552",0.41302297576079,-1.39979972447867,-0.198501780386901,0.0915473290989265
"553",-0.805191316132511,-0.242902574601112,1.24199052180105,0.662790156767057
"554",-0.0413209661430818,0.519102717376938,0.0375803552987903,0.615658084620349
"555",-1.0439746986537,0.114297472052122,0.527261501165101,-0.335913548933163
"556",-0.983633678183875,0.727527487622164,-0.965212485551459,-0.750616777428152
"557",-1.99529193568773,-0.148278227315023,-1.86096589195885,-0.203934457199763
"558",0.704948319712786,-1.06474993062243,-1.14897248299078,-0.973848893174961
"559",-0.562203323472053,1.03254584836661,-0.634303895740874,-0.474331223123489
"560",-1.30362291378377,-0.680263032105156,-0.463528348672692,0.836670623336215
"561",1.05828001244086,-1.44959546720125,-1.86848236560541,0.127298308068111
"562",-0.918342312452976,1.28226013185816,-0.975008043635446,-0.975547199150446
"563",0.743789230266673,-1.36934141139336,0.64439779020593,0.782299311444193
"564",-0.631043115873121,0.165667694653365,-1.00303278021297,-0.667439065379664
"565",0.560656347103729,0.735804466420094,0.586986525722635,-0.456268170462395
"566",-0.413401712372295,-2.25730855246629,0.382294315681405,-0.31127593725898
"567",0.263387749597364,0.736004940425316,-1.22853908121638,-0.185995061647081
"568",-1.01315607884105,-1.7587923399849,-0.867195500098789,0.98015577820505
"569",-0.614987691126566,0.0547404166815611,2.29761382710453,-0.721868151938456
"570",-1.53278298916883,-0.203835781592827,-0.719307079677722,-0.219801616848085
"571",-0.994342099417701,-0.316407199667572,-0.721891938664912,-0.0559265032148475
"572",-0.60480312925138,-0.371445181874745,-3.45707499211963,-0.0378600626621374
"573",-2.4708955529732,-0.199139537120713,1.04041451423818,1.16686374099632
"574",-1.18052088631613,0.197412862060322,-1.25383849642796,1.27753015689485
"575",0.379718962373427,-1.61552270349002,-0.0870681845860196,0.142873659120831
"576",-0.745049334005558,-1.48644133877897,-0.318909327842383,-0.780992559384206
"577",0.453231707295405,-0.843816370385759,-0.444844852930634,-0.80344909590185
"578",0.113572804575728,1.04360253024634,1.11536499859507,1.65475181785565
"579",-1.16015738325989,-0.1563820538312,-1.46639512649693,0.400633665161791
"580",0.206645112856486,0.0420539680799904,0.22154479185527,-0.429218903549619
"581",-0.103564791124869,0.751792898506613,0.0105141257034946,0.756399762912283
"582",-0.558629614300471,-0.184222343392328,2.20039230384656,1.14734705824498
"583",0.990275571337496,0.302173815767027,-0.242565825214372,0.856571408363797
"584",-0.743057432851253,0.818347681001928,-0.462985851093408,0.940355089544058
"585",-0.530905446873445,0.552692554515935,-0.826812803514114,0.3129117156731
"586",0.939904666744215,-1.34018075688291,0.945225249634487,-0.233453396789135
"587",-2.34203387044147,-0.55118438394723,-0.0471063340510887,2.16295708106422
"588",0.722682376726007,-0.196319103725518,-0.933272978621326,0.69641606907811
"589",-0.971120119015117,-0.47209825474961,-0.648648250952984,0.726716379629448
"590",1.4001574963748,1.79402775882138,-1.1783611789193,0.00823189893223367
"591",-0.0463392245917693,-1.59272672974862,-0.249297749551503,0.735172009196096
"592",0.67552645645793,-0.882687233760181,-1.46897109821268,-1.69719146560462
"593",2.13202343238363,-0.562708915409525,-0.018372830512323,0.290085257454542
"594",-1.06675673325423,0.898441925396237,-0.752348624300108,-0.710744515922522
"595",0.034787255724728,0.502739738025142,1.48298058982335,0.792474977932234
"596",-1.25242242700499,0.251600544592227,-0.60888689684891,0.324020383367224
"597",-1.94144122332154,-1.92280632412872,0.236867379314561,-1.30002582099585
"598",-0.976976930516585,0.75080692316438,0.189143165664934,-0.239118341644908
"599",-0.879117087620862,-1.41291689460597,1.74591522395153,-0.301082504369596
"600",-0.513460289369774,0.946870442879279,-0.870549815731901,0.42925149566077
"601",0.266504953173259,-1.03620799116199,-1.54321111681835,1.05419752429214
"602",0.739497466257459,1.3642032021443,-0.780524962893455,0.385479761320371
"603",-0.097627479133406,-0.113455541828335,-1.74001828900454,0.461764798730428
"604",-0.0392887438550498,1.34014071874066,-0.0474435076617214,-1.37187391155156
"605",-0.00494927278643029,0.241503445874617,-1.56364912114637,-1.63762294491794
"606",0.103979963865498,-0.259087850681408,0.176918031792173,-0.964002721873519
"607",-0.496580065311903,-0.669459108725498,-0.552868867404934,1.95826597126695
"608",0.00805972881103044,1.40820074081407,-0.453943350694193,-2.86472219733335
"609",0.0135904459121991,0.445492640485651,-0.639939914876818,0.325562010901493
"610",-0.776055273075079,-0.502667730972038,0.0338719432695282,0.34848773808529
"611",1.73125484076143,-0.753872468851605,-0.897237312279827,1.33162349650528
"612",0.0234345523525291,-0.398336291679441,0.295097178295707,-0.744069047765345
"613",0.229780182901196,-1.41985906502646,-0.405554097824686,-1.19285726068649
"614",0.0478441814686303,-0.515715209097527,1.94402347090848,0.39203416020699
"615",-0.822564361709583,-1.71231674472775,1.13597515062917,-0.212994665440705
"616",1.52710335662539,1.17428719320599,0.436819444992138,-1.49475939708783
"617",-1.29412419465645,-0.114756257244062,-0.407381793430413,1.19560847839823
"618",1.22778243108078,-0.145532114090284,1.3135136655622,-0.289351036781217
"619",0.241938921724655,-0.783749881037986,0.65341485828008,0.105287385396282
"620",1.88057093778463,-2.19741316675143,0.435311833341958,0.0250859730148595
"621",0.158315795116238,1.12771444701433,-0.881259139289023,-1.76122863657814
"622",-0.0963829580713318,0.300874124907869,1.25331294613532,-1.30186205807388
"623",-1.74287613934919,-1.51753924745516,-0.818641264233298,-0.607641297118039
"624",0.609642884475169,-0.3911387651391,0.0229986103084308,-0.0992736153453442
"625",2.70166837159478,-0.925118530099519,0.236905245896607,0.207553846201089
"626",0.322344729575129,-1.03602092121297,0.15008922905141,0.365022750374332
"627",-0.230982898785123,0.840585182171247,2.56194086145385,0.233083336195918
"628",0.524604827293249,-1.20963390429292,0.423534971271632,0.161940305461524
"629",1.00184721831974,0.295248407569912,0.101405288272711,-0.0372191684730734
"630",-0.139493322676032,1.95239379329452,0.760771772637102,-0.871410864707765
"631",1.32657717227735,0.436637234089795,-1.21976202794178,0.0313701868411752
"632",1.41903870146395,1.42215494443427,1.39037760179024,-0.670498265777944
"633",-1.27835307821717,0.525376339961814,0.833426815735316,-0.784484670904669
"634",1.43365735947061,0.322571597781127,-0.36634124438674,-0.126135631631837
"635",0.858630407836954,-0.129091558699659,-0.0972848903831415,-0.161533970087072
"636",-1.08084089868567,-0.728715143785561,-0.166558033098209,-1.95363192143919
"637",0.667658210251012,0.361406595983657,0.404069645415986,-0.482842150910976
"638",-0.449839093497984,-0.225530339443528,-0.474789261352155,-1.48756504121726
"639",0.700578920046653,0.332713312406612,-0.504519212205984,-0.526670010242728
"640",-2.48670957964037,0.335107904430985,-0.994441611251717,1.25762271430364
"641",-0.268177222704843,-0.717213787315993,-0.661578722902821,-1.29949347562602
"642",-0.451016865757297,-0.0874228388157581,-1.14060038936566,-1.91096411100134
"643",-0.908269143189342,-0.597039341791934,0.453742283742565,1.96139478057609
"644",-0.901263992866022,0.44908910543449,-0.318308445425695,-1.73419673658802
"645",-0.0356566533562202,0.456933551869239,-1.59369648606896,0.301859410440584
"646",2.45782844939179,0.851496262548662,0.402516847784218,0.271936235390048
"647",0.149657652328356,-1.36752958816516,0.97123289562371,-0.348817142716373
"648",-0.227481380677035,-0.923378964451347,-0.491388921637603,-1.17425869342178
"649",-0.21778873146808,-0.00885237649540496,-0.199717806500054,0.28336490151656
"650",0.620809923804041,0.616153344357332,0.494112520614542,-0.611250053374582
"651",1.36198539844082,-0.724370138396775,1.36078952497448,-0.310850345694646
"652",0.180091272941517,0.796855878298667,0.855295667305276,-0.662569069985771
"653",-0.892025611287993,0.0122132509435002,1.49823624900921,-0.805966095755415
"654",-0.898277764576267,-0.795917721433926,0.765387172884388,-0.0422505789928614
"655",0.653394310036383,0.313092340572919,-0.46504863029324,-0.224061215315693
"656",-0.58657032197741,-1.10068312332704,-1.2636309711137,0.459259314931359
"657",0.0758393742543651,2.19741838843635,-1.17473963664885,0.842736681609544
"658",0.280670279272729,-0.528603094942086,1.49844150214072,0.635817183367286
"659",0.408299486713315,-0.157695002741218,0.365053117613531,0.701450502253925
"660",0.256684108255839,-0.206968767714527,0.370285557450692,-0.166109932398207
"661",-0.811370115404024,0.657291071076953,-1.41663882299069,-0.244492022624827
"662",-0.708863544457878,1.32404239530854,0.637592410372231,-0.645481375767589
"663",0.549906459369468,1.36017391511482,2.13301857708908,1.53850849789274
"664",1.0077005769721,1.36631326241608,-1.27893574157584,0.0465193987853535
"665",-1.80761781677792,-0.267484249249469,1.20542774297843,-1.62093949532922
"666",-0.00524531353546282,1.38139960169861,-0.386153690674173,-0.378079440139171
"667",0.78908621191106,2.69492712119352,-0.289437868755954,1.25192336908707
"668",1.10027514519092,-2.61320001144812,-0.226708721485372,-0.0128086749561561
"669",-0.581644700626988,0.0358181921036136,0.552815888322496,-0.621987472558358
"670",-1.06758965394173,0.682343154923569,0.354634757785985,-0.213435475478359
"671",1.11862606535035,1.18745530660774,-1.47996049068474,0.223520109199927
"672",-1.37672913253184,-0.557078485300823,0.43101977065616,1.02324446797124
"673",-0.324779753292045,1.48072101558035,-1.20542421782487,0.926357119815044
"674",-0.527763991908693,-2.78099824922482,-0.521860695453437,1.22298819040792
"675",-0.0802085759108532,2.14409787245976,0.793766718074001,0.665472044122602
"676",0.556110209906246,1.00487546252722,-0.607989977846454,-0.00528405772700123
"677",0.780681952848217,1.20496272746125,0.171030894693207,-0.158812023675842
"678",-1.08502302897512,0.172989471520897,0.913098053908976,-0.556645811003566
"679",1.33594588118276,-0.44395315363414,0.836327959513565,0.411147576042221
"680",0.0434396688812284,-1.13279139039699,-0.322146918678791,-1.31629566533784
"681",-0.756464462935543,1.80500130790656,0.285435080128273,1.34207066514171
"682",1.89382497611064,0.177393397170838,-0.306085247565202,0.898255222653478
"683",0.84912869960348,-0.156085947203883,0.77275414508627,0.595886571257045
"684",0.938361484916741,-0.70104710760413,0.911641932176698,1.53541280444865
"685",0.0247191034439632,0.04954614414302,0.755342940154691,0.712025831242194
"686",-1.22636113056285,-1.16993983372602,0.667493423105317,1.06209854547198
"687",1.09150110184607,0.952930120699055,-0.780899861994499,0.00053992231662242
"688",-1.51140752435415,0.540016750319516,-0.743516340986801,0.679834140417589
"689",-1.10657146484073,-0.65004700720565,0.909347149737834,-0.00431752893572866
"690",-0.932051453320758,-2.10460908338446,0.969151024995738,0.605264627287602
"691",0.57477077575229,1.55257364536245,-2.27704846056184,1.22882229891815
"692",1.51677644984176,-0.303305660185063,0.374890150590458,-0.108084221968935
"693",0.111838915040251,-1.7774659705146,1.08546503371182,-1.12893764151487
"694",-0.408853749370047,0.277097394971709,-1.16143192423846,-2.62712329715949
"695",-0.802981911699842,-0.0224227564797413,1.42949691011444,0.150036419962397
"696",1.57258024626972,1.13742218184188,2.78386927540059,-1.89917965139177
"697",-0.426041215395245,0.869772235294471,-1.09601723322745,-1.34294070194275
"698",1.27805236163041,-2.34610763566497,2.17994124356073,-0.581061857520685
"699",-0.63005657314568,-2.22455190594629,0.892513638849827,-0.450342584340713
"700",-0.390322583868967,0.862724529313667,-0.261343664182377,-0.751607102084478
"701",0.144216157371032,1.92323826743618,-0.424469264021062,-0.0263403723257237
"702",-0.976269881533678,1.11062739925497,0.935150040944192,2.31479466598454
"703",-0.199891953552188,0.324398533880044,3.65638467252552,-1.42433481246367
"704",0.511803103095176,0.153918119267016,1.34823968679656,-0.612742314045113
"705",1.89739077016731,1.11817528521867,-0.678363995402978,-1.2109136935873
"706",-0.359983182771403,1.95556405702706,1.35967667175773,0.175275639415038
"707",0.455501475050613,0.607415969676997,1.49097307875997,1.02957588611801
"708",-1.07723132805771,-0.972940573866884,-0.62574639529367,0.908158945101363
"709",-0.257349511197792,0.636347110846949,0.551269910457325,0.621281884799049
"710",-1.13184737539239,-0.468072331793376,-0.230554860456754,-0.499343313481252
"711",1.01837794633289,1.04358182803881,-0.541491438805151,0.0860461948709534
"712",-0.402606382636384,-0.0676735712900778,1.32972050120354,-1.22673641214539
"713",-0.0921702948628189,-0.511403261861094,0.139112783792342,-0.180870533772513
"714",1.66509292379498,0.55999120343634,-0.889501810382389,0.397777536263838
"715",1.41981096652292,-0.462128458946117,0.0970322983392221,-0.896111116086985
"716",0.386080861725256,-0.348509570462899,0.181461681197528,-0.087924114496557
"717",-1.74616027960786,-0.582558835888204,-1.66989332859103,-1.00785802885269
"718",0.344644529731646,-0.568372557743777,0.218206267710878,-1.02397219282888
"719",-0.135924737733901,-0.102506158832189,-1.74656810701826,1.62992451031716
"720",-0.36568837939374,0.0801226354582106,-2.18177059967069,-0.449033477011119
"721",-1.08568263187481,-0.23542275321998,0.878873014349487,-0.17438852007302
"722",0.0869644466184422,0.932310005688099,0.132391341983075,0.837608740181642
"723",0.891777636399878,-1.08930866204156,-0.648352156218407,0.265164324011083
"724",0.637558673435814,-0.470614905108136,0.0804142333128229,0.269977549443445
"725",1.30180779463166,-1.08202290600166,1.51785357605505,0.0123867191163904
"726",-1.85020264287767,-0.261083489023968,1.69175241415284,-0.989295066008295
"727",0.516154265195631,0.455337960435104,0.39416035459232,1.31957591361865
"728",-0.652495080928192,-0.832054723426059,-0.635290829088734,-1.36393563738575
"729",-1.39462053883382,-1.90719072883024,1.85719726200916,-0.851955630168093
"730",0.210256376183278,-1.09198581632851,1.25187649783215,0.305523188798985
"731",0.572007752015715,0.359606662485179,0.957176071532668,-0.319688342586682
"732",0.293885797864974,-1.77970915472055,0.0998952535145123,-1.29617513363945
"733",-0.9933447659528,1.14456808368914,1.32167949365275,-0.594304585612799
"734",-1.27305303318754,-0.0310916041497221,-1.8903654354821,0.793518409690595
"735",-1.39868585692528,0.037494573436667,-1.5618897435997,-0.697795689099731
"736",-0.426348547078069,-1.36058326808995,0.337547803016798,0.4894879428843
"737",-0.1530085434999,-1.82273029137057,1.45745676856612,0.809137901677392
"738",-0.121575761713388,-0.848642386313764,0.0460702905633767,-0.966205438472793
"739",-1.85064580268004,0.00536528322068574,-1.86517897475877,0.625035469655761
"740",-0.876700733678275,0.868295741200339,-1.22563005806368,0.766762666792719
"741",0.125473722727325,-1.16315788381132,0.3624779892875,-1.86352598326595
"742",-0.877390593340175,-0.518401153642695,-0.282250383402751,0.698803745466853
"743",-1.7027156699634,-2.58740769029556,0.565744237005463,0.335278531139706
"744",0.0889656101726702,0.609871260253121,1.2974791211632,0.886316575788259
"745",0.0435686852081834,-0.927281855797397,-1.24060974725844,0.0130624547108001
"746",1.68461327414558,1.52158042806882,-0.101270724011727,-1.63920273015223
"747",-0.947505234533334,1.90118531315642,1.59207293862171,-1.06631820772779
"748",2.02582091356723,0.862994288581576,0.405011017448454,0.718423916827961
"749",0.0498359170493017,0.619628320403381,0.22763244242653,0.62485708319397
"750",-2.36904047077087,-0.988169373630396,0.603604748110395,0.982969852544481
"751",0.56464019782908,1.21144196366511,-0.708528579272094,-0.274814748545887
"752",0.886159983543924,-0.140538077632153,-0.205419202537231,-0.468421258875363
"753",0.444235435595608,-0.354214436679733,0.609800758416341,-2.13570834151058
"754",-0.228784759673742,-0.440530716728737,-1.12381894580213,0.574142319723776
"755",-0.335225813420986,0.89000837573252,-1.22509890304732,0.375846858147092
"756",0.294176833716771,-0.501253723501695,-0.099748380680892,-0.832357029905015
"757",-1.01364758067129,1.15958173181121,-0.916786323526934,0.157614014143671
"758",-0.872254727081204,-0.624312603918503,-0.0980714654270344,-0.129302176787219
"759",-2.10770698940818,0.545489966108913,-0.0912533817595409,-1.29448247778901
"760",0.162554244843616,-0.0233139973899159,1.18199996780382,-0.98423607688232
"761",-0.0863099793701101,-0.161281905762358,1.35940917614577,-1.06408893533017
"762",-1.28278262343514,0.0503012757520639,-0.380985031900721,0.52789040586143
"763",-0.285267304230521,-0.0425354454303749,-0.396054467994661,0.521691776994229
"764",-0.518789745232205,-0.0578372702502104,0.856785870212936,0.206921955390559
"765",-0.677964787724642,0.188269113298186,-0.221786216390132,2.32677937923023
"766",-1.73630001256436,-0.831822718357931,0.817323293259897,-1.54157059905799
"767",-0.707198256292756,0.861510095088739,1.72887704930323,1.53784106385465
"768",0.421869895411734,1.35770656762518,-0.183685332178968,0.0994417816561877
"769",1.45564222602637,0.258144336806473,0.696248682866901,-1.18926364984426
"770",0.056647475078094,2.12125105190886,-0.992026715382944,0.98027868757945
"771",-0.41680105285979,1.77972065827485,1.6425736924786,1.27823756033407
"772",0.0787269569940736,-1.5767299896509,0.0999274881213747,0.531393602624436
"773",-0.421351594446905,-0.436240166421543,-0.484061733238165,1.29440256646397
"774",-1.12574678382603,-1.28517037964507,1.67639531062906,0.931078561188409
"775",-1.25890984036282,-1.26111913443061,0.705723072462999,0.162458816247405
"776",-1.8391677997214,-1.42444642277431,-0.764774001802333,-1.26899513597328
"777",-0.731938083268238,2.07467946093223,0.710873097712684,1.9604679665401
"778",1.54545188668863,-1.99964470195695,1.01203720150868,-1.14875852414606
"779",0.05840374100858,0.0903405029929454,0.580808775972649,0.577772357113457
"780",0.374228380927525,-1.28834064543205,0.264125836097246,0.928030443061629
"781",0.634612541853365,-0.637127112738221,-1.15092047562187,3.37793736308567
"782",0.146654196592296,1.58349053433658,-0.421967697069901,-1.52275777824865
"783",-0.113211103446712,0.894294792664077,-0.562501687632328,0.0280610582086995
"784",-0.255850208140136,1.46733345814606,0.854995272050911,-1.29133587703542
"785",0.765592792708561,1.86129174787836,-0.434234257697714,-0.929245510807693
"786",-0.257990658152532,-0.0725032011102885,-0.0630969336846286,1.19984715936631
"787",0.604682029844183,-0.236311105117767,-0.763566886768122,0.224391014326913
"788",0.0600504956216801,-0.421081832976304,2.76928959506033,1.03646780396494
"789",1.21864063228374,-0.631309337245416,-0.825501159965128,0.040339825964899
"790",-0.952977710568594,-0.13975986340461,0.515267346830498,-0.431160045588469
"791",0.365210914507556,-1.83694836010618,1.28297376394793,-1.28936495587464
"792",1.98075503569672,-0.104290829558838,-0.0976186784710533,-0.283124424303797
"793",0.563669346208121,-0.509921450672578,0.829916380022375,-0.227629805264388
"794",0.751836388044718,2.52245986315352,1.50553188342491,2.40992594147142
"795",-0.370430247159898,1.82853432339477,-0.218627674089681,1.36842763548689
"796",1.09831544271215,0.243870183516218,0.692926761982344,0.610384724613461
"797",-0.236280936048014,-0.0819921450464417,-0.204938001984455,-1.24946102214386
"798",0.881623404169738,-0.351555623145423,0.614410730558846,0.671790820365606
"799",0.07304579676746,0.132544745173763,1.44808634103401,1.49912207690956
"800",-0.678263283708588,-0.429420429275072,1.31839243432163,-1.37402074806728
"801",-0.719699945340507,0.634861074712613,-0.459989757772976,1.22122972073764
"802",-0.568787486467696,-1.54788513992533,-0.636400451530928,1.04646739814812
"803",-0.916869137739374,-1.39230305207259,-0.4710182323517,-0.489298599485849
"804",-0.107480206857044,0.339899561219345,0.725518684991366,0.538844272477491
"805",1.03086391201723,0.837760495860413,0.265659815494656,0.789733551350316
"806",-0.129074088818525,0.32800262182642,0.39715357879474,0.204411625797491
"807",-0.685640596231042,-0.232725053413778,1.08965167653865,-1.41274251750353
"808",0.670540579371222,-0.560017096905796,-0.432843490529672,0.169736299684945
"809",1.28362419467642,1.99405911445976,-0.366984101742396,-0.383289851583343
"810",-1.29403600982542,-1.95898063703569,0.13978516887918,1.82208090134444
"811",0.253162001506023,0.649253181290252,0.137031634432406,0.506222638791658
"812",-1.01485421129768,0.491873086510243,-0.461098471658752,2.78361393220455
"813",-0.271058385059096,-1.98315414121481,0.244628725862709,-0.497936735914689
"814",0.053753997174634,0.743477151180797,-2.09223629224382,0.600385901698381
"815",1.83736296799637,-1.50005104972862,-0.356528229086529,1.30979106128184
"816",-0.802109274512237,-0.243920142621443,0.3289947784703,0.372465058406453
"817",-0.914528814510675,-0.487337558092132,0.700975638481809,0.671459355684903
"818",0.606844909706644,0.66034226841794,0.743250283128054,0.157839703910505
"819",-1.1258343976889,1.76286117215227,1.700054550774,0.393738543336879
"820",-0.825232753098315,1.02795546252308,0.514015819681708,0.305393799201409
"821",1.25007920536256,0.755277286511702,-1.29302439358799,0.297939701853352
"822",-0.671870381824385,-0.363194668926892,-0.542012715585744,-0.497977572070192
"823",-0.951372187573462,-0.330278140184876,1.15862566488399,-0.490857304932779
"824",0.625115000462911,-0.0749043183324879,-1.44350788059181,1.02672461688797
"825",2.18961235851833,0.339992622301303,2.42062482138019,-0.711972219836468
"826",-0.114550087027891,0.0747678693742513,-0.713225750676874,-1.14566946261179
"827",-1.00651425963353,-1.07352263706312,-0.465076510274738,0.354678300985387
"828",-1.61268959506764,-0.797326224817857,0.0874819223787178,0.495506576924055
"829",-1.1828006455952,-1.00562917873772,0.207372216962291,-0.40077266653248
"830",0.593794338622874,-0.230919869882285,0.711387569935458,0.901649102445831
"831",-0.844231073534283,-0.172610113773517,1.18301722887298,-0.268237480516996
"832",1.16243166260969,0.574903839687935,0.104432732834641,-0.746725293533006
"833",-0.588038112286388,-0.0764161193084291,-0.751417643523887,-1.41923260282241
"834",0.187107776520351,0.101588711176748,-1.72672030084149,-1.20561500864592
"835",0.140426459379697,-1.31126625507853,0.414230148949966,-0.0903402649253017
"836",1.21152920290287,-0.926168356385752,0.969430242356342,-0.764820895997049
"837",-0.933431882076893,-1.57813384068149,1.58443097255075,0.645296390421302
"838",-0.13888655477021,0.527068963104129,0.906404467669839,0.485419040210269
"839",0.450148968797822,-0.601688360742925,-0.19162641416655,0.488348872274196
"840",-0.142273267573303,1.52878915239976,-0.803097778919051,1.1423693163215
"841",-0.663203143437172,1.43265799516156,0.418373326690194,0.0102103810640495
"842",1.47329006457439,-0.674877811420923,0.205192223304306,-0.674170115680968
"843",1.01714587677528,0.253485470119096,-0.22752103320613,-0.819807665887386
"844",-0.103558354245774,0.980403714134075,0.667722854435903,-0.767368799953298
"845",-1.22626483824322,-0.686611235393673,-0.511503398617114,1.53848602469829
"846",-0.511438970868957,-0.243855821778834,-1.21653757592646,0.36783281830618
"847",2.29651641051484,-0.949014180388709,0.0164425188219076,-0.698017180159862
"848",-1.72834463366073,1.00160857657849,0.589439521323939,-1.10935841326165
"849",-0.338353606381049,-0.283844949178672,2.46561659268278,-0.434359136851319
"850",-1.1005368743671,1.24370285689918,-2.1931906944324,0.355254425662672
"851",0.00454611705787175,-1.47811491226538,0.646549464608849,-0.123136045835694
"852",2.13928958011419,0.935119820775903,-0.355777182472737,0.162533871415793
"853",-0.198964184864714,1.45956073779667,1.19903534091812,-0.182739696796449
"854",0.478681260542043,-0.637417522412008,-0.385658469420227,-1.72821942905193
"855",1.15040694440677,0.840271386396784,0.561482442429919,-0.838642298604942
"856",1.18988192243114,0.163203995408039,0.556799837168247,-1.18958351429675
"857",-2.58562690836185,-0.376590296300504,0.595925667630525,1.25896574371289
"858",2.605978571509,1.38265473281588,-0.691453102905651,-1.00474110546585
"859",-1.33797026593085,-0.407134028925569,0.225683173770303,-0.89059204999479
"860",0.0470434183130833,-1.07808417809532,-2.08141970866608,0.178506406876593
"861",-0.0950123200443592,0.635863599832851,0.323862795263376,-0.18240291776397
"862",0.0744958092987839,2.19301827369267,0.498967976766564,-1.01308478931316
"863",-1.01278613422576,-1.53446469275028,-0.0507441457273322,0.283253962026951
"864",-0.000838651208940551,-0.705229706858072,0.167563081719609,-0.387737372554023
"865",-0.535979448119536,-0.780755244225718,-0.205787552534127,1.32222348509862
"866",0.552964525109544,0.0230871995039316,1.85916871953983,-2.12648528823261
"867",1.08520812852344,1.42393749747835,-1.63506439808118,-0.244247308759413
"868",-0.111217838829265,1.22683607131009,0.285913467690137,0.773470762692034
"869",-0.838049891562021,-0.975400405372745,0.800443526258301,0.165934598675368
"870",-0.254024641767995,0.683028457099101,0.870136735241349,-0.507536083585542
"871",0.836348250704436,-1.49376822861835,-0.971152185583601,0.696659881987058
"872",-0.1958422633116,0.515882276435981,-0.787361436412966,0.920967962613296
"873",-0.272343664011551,-0.313306709220532,0.696896256640975,-1.39130441211589
"874",-0.123441827309274,0.844749452214968,-0.34868402435521,0.536293334252497
"875",-0.146417925455814,0.752539352081663,-2.35835072526631,-0.292311203504661
"876",0.915718443436322,0.909207804556984,-0.029640394421225,0.458095556942073
"877",-0.144026690526072,1.74765712472903,0.477300063940987,1.55762421978635
"878",-0.136528427348128,0.899006179499039,0.0916688229786225,1.4800275768643
"879",1.08781645705321,0.756178819987337,1.06950454981757,0.613231619104299
"880",-1.03409332875718,-0.121667185400853,0.743910232948339,-1.21666596497188
"881",0.20780406717337,0.686890084880082,0.721179596624753,0.814844844162701
"882",1.17573479619434,-0.153635959544097,-0.208611859605185,0.834330035212699
"883",-1.61064603009897,0.800149268704991,-0.964361921690933,0.378319331023819
"884",0.497572378951959,-0.179904239263256,-1.2032529013603,0.956262487820875
"885",-0.363006532564859,0.79599870069754,0.981795112051827,-1.04099723035245
"886",-0.582102209573637,1.69136930637598,-0.125256320111635,-1.15894747103403
"887",-1.9665738201734,-0.755320557791784,-0.662359172060312,-0.167463214629393
"888",-0.221734354381111,1.07277200883912,0.390692449791743,-0.123080859464787
"889",0.62706035894056,0.0774465671182418,0.516069456530484,1.85379171926588
"890",-0.837073638540879,-1.04272907451783,0.345274868716822,1.13886651528604
"891",0.922222320056846,2.34671378024682,-0.000765229251145942,-2.24736531114526
"892",-1.41258448836587,-2.63277706473333,-1.12423255512042,-1.16546772408023
"893",0.370624357672588,-1.30300061295783,-1.54158981217936,-0.263247280568336
"894",-1.0141461197543,-1.12600545586462,-1.53944261218248,-1.97975263638108
"895",-0.4845454624479,1.24344161256328,-1.48527493881977,0.367495270336545
"896",-0.713891872425347,-0.68669008135015,1.50456209897613,-0.82501274066704
"897",-0.482896974951532,0.403527814280009,-0.887868932665274,0.441358495789354
"898",2.62161721666169,1.87476835960822,1.08375020682043,-0.947260604659161
"899",0.303185214284402,-1.08725163332488,-1.44694963144074,1.37865111730106
"900",-0.74901185459293,0.118086007727503,1.2256824003467,0.58396519779353
"901",-0.191369376602522,1.2299413045453,0.43212135104006,0.675218991375848
"902",-0.528238006819168,-0.461288720182848,1.49042841058444,0.556150368693685
"903",1.2739653660746,-1.40217177089372,0.628712966792027,0.741973918642869
"904",1.40608864553953,-0.271999075620963,1.63344767373143,-0.778067498071214
"905",0.706769797356014,-0.336308844549998,-0.266368175808334,0.53714396452526
"906",1.18895482712186,-0.485089669669692,1.51586519331521,1.11936696594122
"907",0.285213001052691,0.805028002199824,1.48606784836025,-0.121573368556352
"908",1.2828369209902,-0.733510129352607,0.573163858462395,-0.946748067244406
"909",0.0379314520393772,0.159149332224266,1.42072874799077,-0.213803915048461
"910",-0.965963602793506,1.52951163194914,-1.32837014741074,-0.610328243692234
"911",-0.31864317898884,0.439573302617487,-0.575331045909045,-1.4142599578681
"912",-1.29406335539161,-1.14037972303421,-1.69628645655742,-0.334488028367169
"913",0.13699754761219,1.86550686458757,0.487514899057215,-1.26081436839083
"914",0.878193695635125,-0.516053800036737,-0.434755039541229,0.832065406830878
"915",-1.31063417593609,-0.942366101962134,0.657033020143119,-0.293935910021968
"916",0.754958401147875,-0.196992604517292,0.294936365442386,2.14998033865098
"917",1.57236173930658,1.86620889973453,0.618763390065804,-1.23549167637342
"918",0.108862409813168,-0.0608830948771592,-1.11061870975906,2.2473247792416
"919",-0.253848615653587,-1.8466443848078,-0.858843344476029,0.268520100058612
"920",0.72754554516353,-0.0822168607287955,-0.380112318818058,-0.746450190147471
"921",-1.28371173311341,0.458844020319127,0.584001044063613,1.42317588672991
"922",0.0626110956757204,0.37210299063847,1.42277181728354,0.450199911367041
"923",-0.824246760958455,-0.247431261604506,-1.79335754557882,-0.11349881646048
"924",-0.931446064672387,0.585413098148816,-0.53554990373659,-2.87585811072217
"925",1.04179078830291,-0.563439562274375,-0.491803490304946,0.268546619228942
"926",-0.576574692576642,-0.126381803155781,0.600561718116148,0.471915344321705
"927",0.5253198547916,1.63694450257557,-0.344316810617935,0.160930570481001
"928",-0.421047006361832,0.726847686358585,-0.57807178731469,-1.40033299563504
"929",-1.40212683478825,1.27677194233593,2.27728381315882,0.175988376370592
"930",-0.404165672372575,-0.172367821315677,0.620536219398606,0.168392853062332
"931",2.11693268026289,1.46601528877764,0.0725943148547477,0.234673937969483
"932",-1.18538575835564,-0.175876681798317,0.342011669387149,-0.557232194497333
"933",1.00105031003036,0.478569506291383,-1.00824852004086,0.0373476604163759
"934",0.722308944766762,0.484537202715428,0.85011511311836,0.638928201696195
"935",0.0539692596194179,0.0582412605753075,0.198022976186305,0.38930156366386
"936",-0.667013490929171,-2.10802481438787,-1.13157494959831,0.136347763935317
"937",-0.304255734365677,0.38045076503742,-1.07669641847095,1.1081141507746
"938",-1.33172732834517,-0.496773814968075,-0.217895178894695,1.36778880529026
"939",-1.99628321174545,-0.259112861862609,1.35083284860447,0.0608197951884809
"940",0.829345154415469,0.581759138712546,0.709370191335864,-0.838787711839067
"941",-0.242218102625636,-0.903021973033051,2.26459058189218,-0.43502255350266
"942",0.992889621848377,0.65819744995092,-0.234108988607565,1.49048656826845
"943",0.873326803222075,0.368349836337867,0.030008404825512,-0.0933730713872149
"944",-1.50416783863619,0.363462008835475,0.532331084066995,-0.763273911454226
"945",-2.27714460230363,-1.04868006789578,0.0781740030519555,-0.256415761511306
"946",-0.560975947933918,1.50330399436035,0.194793806075605,0.743245713783922
"947",0.438156309832111,1.06383212612926,-0.0625943314802331,1.30671696442388
"948",0.0372271806054204,1.94454373720038,-0.0824958571966741,0.512378562859018
"949",0.000950192391198787,-0.583002264509656,1.20932571739827,-0.0723798823008195
"950",0.795074345163113,0.323593209625188,2.35123420785526,-0.650840271958829
"951",0.389963755104023,0.245110446109344,0.368381233232993,-1.06127490364118
"952",1.08862005893431,-0.24850245669418,-0.0921591897528203,1.65148557380454
"953",-1.09735704191618,-1.3812681632596,0.673484232136452,0.786464581119257
"954",-0.0472658360797799,-1.68148776102379,0.0495349755650032,-0.0387841989977118
"955",-0.749978083809651,0.359443023576631,0.45500628334162,-0.140871309802058
"956",-1.24787469895696,-0.908810323825767,-0.294785131817231,1.6845803442314
"957",0.812309536720808,-0.207707722295126,0.284460283894723,0.20927903144724
"958",-0.787382563822868,0.909438977866506,0.811356659819044,0.224803498309123
"959",0.630267179368616,-0.962558656870244,-0.620886624234107,-0.438354206184077
"960",1.07100411235777,-0.305106419362218,1.23018663859222,-1.09688423210575
"961",0.414173645033511,-0.535967832980263,0.630557504712465,0.918497338026748
"962",1.76967239238201,0.0199321004213452,1.034270147694,1.93833000348993
"963",0.816581912061162,1.79939633472949,0.159388812780415,-0.456175708261973
"964",-0.432907932584914,-0.872736291707439,0.539886250311984,0.693122837654443
"965",-1.78283009448064,-0.866077315186582,0.788694939593762,-0.21060730264103
"966",0.958964603379785,0.956142944893742,-0.429615739557145,-0.202200515999403
"967",0.0316116109872323,1.17048149912188,-0.183449343225616,0.708021962179226
"968",-0.299435520510281,-0.394370686077312,0.962101232611094,1.26584989850327
"969",-0.574794555367481,-0.0593413140188128,0.758716926882924,0.737308140156403
"970",-0.683807712467865,0.259526732867029,-0.687565223110773,0.110142555642807
"971",0.694065562764772,0.413783358181343,-0.735558245967158,-0.557088116370554
"972",-0.401926922307506,0.766523913035549,1.07732441728828,1.2564424333504
"973",0.502799185638545,0.745086395022245,1.40575303013479,1.62664164663974
"974",-1.86245404638023,-0.384621680761795,1.38193857503855,-0.771918002933264
"975",-1.29265075830227,1.29166724787604,0.95309922765787,0.178550897877435
"976",-2.61449101540106,0.125120252966218,-0.852911115900004,0.595825686187128
"977",1.13577509024716,0.899099423528473,0.67844915846991,-0.0859616592270767
"978",0.540255379525426,0.292448809871506,-1.51448137519811,-0.205575817641001
"979",0.562339362661555,-1.89353428093526,-1.3892590072268,0.697485573485223
"980",-1.0858089229248,-0.581919351329577,1.91389491950943,0.510296721668126
"981",0.692509617201726,-0.131172973817665,-0.264581434193875,0.879919109640334
"982",-0.020778017048569,-0.386811058148176,-0.078905695252097,0.758221178071783
"983",0.894561126027226,0.149709326959825,0.246556172083616,0.122486282858562
"984",0.338024146663697,0.323397658550324,-0.289667585313643,-0.297605075216529
"985",1.60060797066417,-0.214503891605557,-0.59915501836483,1.47588081279127
"986",2.05231652404049,-0.20451799685709,-0.404829796804298,0.0779251308707261
"987",1.62541537488636,-0.582023522149378,-0.325627542968166,-0.904836905535176
"988",-0.688318035821954,-1.60433298505682,-0.166903261513201,-1.35336106980196
"989",0.0803467514188359,-1.17484164630945,-0.545915836925116,0.307558716639046
"990",-1.30297416127276,1.06545817743614,-0.399846301066499,-0.463221723601387
"991",2.31764551585241,-0.255682815376412,-0.353460607983138,0.962038315632278
"992",-2.18776219991159,0.0745912171185353,-0.458413794027481,-0.813708227234363
"993",-1.27948291136589,-0.320394712127465,0.117589404645758,-1.54823389183689
"994",0.368558145682029,-0.259476598741519,-0.628379451872897,1.23582471909476
"995",0.41572108177278,0.665902245546149,0.34545729274438,0.0733728420650048
"996",-0.624508242877341,2.73578892273549,-0.0494372571841645,0.309583002317062
"997",-0.548654723765732,-0.28430413586108,0.59815320134018,-1.63388229498409
"998",0.951249324394739,-0.091107599532722,-1.18260901202549,-0.907814974364146
"999",-1.26966728525552,0.205336255127935,-1.93473758978469,1.05415075139001
"1000",-0.56021384139469,1.988038998695,-0.625325101756223,-0.722029084897999
