"","v1","v2","v3","v4"
"1",-1.47695179568181,0.691388190179377,1.03469656606058,-1.04514776027038
"2",1.12505339075875,-0.367376968868753,0.257054818137624,1.02959404562566
"3",0.782588622326202,-0.401288505945607,-0.392571307052036,0.8891395678958
"4",1.86956388125107,0.433499047186634,0.173368084921307,-1.64046031093001
"5",-0.0707969371810238,-0.532248063777026,-0.735229491702963,-0.446385188490691
"6",-0.0222811060537121,-0.254953427050229,-0.251814357464474,0.231475134500477
"7",-1.00951444283615,0.963644824101712,1.54919790526166,-0.113983961833352
"8",-1.0200230670998,0.136592652257122,0.692523414671137,-0.312123745764761
"9",-0.0410660317138346,0.231769341851845,-1.37423108630478,0.0394419157523371
"10",-0.045207576377861,1.12275617046252,0.696895003240395,-0.0636047711982235
"11",2.14228866558194,0.947019169364915,-0.515003486124724,0.696695479595
"12",-0.0191453667601214,0.750044381932908,0.484753640563856,-0.370795381572836
"13",1.02142563789035,0.00271177224809359,-0.895376923834618,-0.810568512542539
"14",-0.664681851324915,0.937529403786967,1.95761677711454,0.275565955477921
"15",-1.66472288655174,-0.203214834153646,-0.558063767713281,0.454388157030489
"16",-1.01517710767225,-1.40274056500587,-0.983189381639863,-1.98273483381065
"17",-0.534575790239413,0.744586739435821,-0.523007508745948,-0.690268122378519
"18",0.393151524269286,-1.11103611566164,0.325067288433176,-0.141281219987276
"19",0.706664502796295,-0.968909002287249,-2.04345989829395,-0.590706322960751
"20",-0.870411369973585,0.101990302834199,0.230899968607304,0.966826342511122
"21",1.17458458521191,0.538620501823132,-1.08549533880872,0.943371071485384
"22",-0.634039275044656,-0.0076276461125207,-1.25760309349636,-0.117676914828576
"23",-0.502947077586911,2.17045116690756,-1.54352589020278,-1.33095103867886
"24",-0.180483434460646,-0.406701955629013,-0.476817913889977,0.723454870494276
"25",0.819605886628536,-0.492074751133982,-0.275254339273713,-1.07165296155852
"26",-1.55428193721029,0.314962835215757,-2.32131045686399,-1.30294311960478
"27",0.0967080098861871,-0.471264429570953,-0.297099749096445,0.15968713001914
"28",-0.873089501365816,0.919108166735657,0.92085108440739,0.0362666508716553
"29",0.603397300400883,1.3302339040784,0.473557266700327,-0.59357646384874
"30",0.355441666392693,-0.51867346902268,0.389632984585272,0.136351766052407
"31",-0.374689364106696,-0.560119660818616,-0.0662992962139457,0.359055162601187
"32",-1.16836053606264,-1.36140660939226,0.672415125484147,0.0735485095667638
"33",0.271499761120521,-0.662696459520176,0.30164430153038,0.791445085659022
"34",-1.31961032842191,0.818422448536091,-2.16946088525969,1.53046688817253
"35",0.134616332327766,-0.289774415036014,-0.015320990418185,1.49046385778614
"36",-0.621331990858708,0.517198910843208,0.318141798741882,0.811833661021182
"37",-1.29730227114392,1.38145476623159,1.00828532670917,-0.392027423597602
"38",0.884730160162341,0.226558911938077,0.337731996244562,-0.532868925951745
"39",-1.74496368646962,-0.565805244265506,0.153548761587305,0.216082576259507
"40",2.03067561781329,0.039729635443234,0.783823910950568,0.383470688486506
"41",-0.299967773541295,-1.50363752286407,-0.439970789999788,0.194873303871716
"42",-1.32191066181295,-1.05458423427523,1.97470383053184,-0.184066129300904
"43",0.436667152880925,0.217938667328878,0.0490873690281671,0.118970270095121
"44",0.0755097098102751,0.50873562314247,-0.948171104886599,-0.755797677948115
"45",0.72551023291579,0.216708272607583,-0.521874676045513,0.105432244628881
"46",-2.10715188738454,-0.377339359950834,-0.217083836435894,-0.135673592118842
"47",0.605755411677415,0.152167758683563,0.470110909412054,-0.82069605697244
"48",0.643867422745989,0.803505875514253,-0.454392336197882,-0.18931643305825
"49",1.1730630181165,1.57796966137438,0.441648831541946,0.236545115536793
"50",-0.795635733163263,-1.99020893299004,-1.07545484135631,-0.944397628116691
"51",0.0240639410580048,-0.277547164197896,0.375192454752169,-0.920875121472421
"52",0.373216962061828,-0.0412672699766225,-0.0109649773843949,-0.871483441993458
"53",1.29708392215683,0.7327648732242,0.9498186524444,0.886663169386168
"54",-0.219905718925967,-0.401840435484619,0.344962021209983,-0.0585266311071373
"55",0.274966765177592,-0.827891675125815,-0.675233011996649,0.127858540297598
"56",-1.5327963476075,-0.168082622596381,-0.563487734089265,0.842498825261107
"57",1.67467172845735,0.493985080700366,-0.0477803925644394,-1.94107543662757
"58",1.54679415914958,-0.895143378791945,-0.184648387880859,1.45229394808045
"59",-0.0839891970949557,0.545425609054066,3.85988580195952,0.559870150476732
"60",-0.24623322579207,1.23548891523247,0.367163942566208,0.73347362870343
"61",0.589223743412853,-1.00275424920759,-0.240792898227501,-0.629053092640612
"62",1.10312954638971,0.484487391009943,0.504115854352419,1.3135526615656
"63",0.559664690408983,-0.0703073521857609,-0.00697524907881706,-0.562990040417862
"64",-0.982076946634265,-1.36145873146316,0.750344812061121,1.17834082773064
"65",-0.982952144813487,1.75515771274968,2.26728681921917,1.56548923330984
"66",-0.977327523841984,0.357098062502398,0.914045819336082,-0.644419051406198
"67",1.05261358476113,0.348363554465056,-0.483055299047146,0.112517687205282
"68",1.58691187682388,0.537691999555291,-0.31966180226219,-0.404805790225122
"69",0.581300016882944,0.408638488182489,-0.521246914913886,-0.202021645763157
"70",0.299894918842082,-0.43766663182528,-0.26443974635912,0.96615183138174
"71",0.236357741403998,-0.103522677861971,-0.291760536286756,0.580626176665162
"72",-1.09825441655444,-1.13053834879881,-1.03077559790744,-0.345398820197629
"73",0.969438095803699,-1.55017513001684,0.420149413205387,0.438223675820196
"74",-0.0152244362491697,-0.903729655646736,-1.06802414305306,0.237524446746037
"75",-0.827578871007891,0.0905972823357141,0.932894013665392,0.751138906854914
"76",0.941521645584068,-0.461961287778571,0.0782988977858799,-0.0442193517423656
"77",0.994610790941334,-1.40684939031918,1.04255769331124,0.811774443446436
"78",0.659283409906798,-0.24792352054189,-1.09126918615968,0.511340939534905
"79",-0.33321106084616,1.60026769681839,0.587468637345828,0.509661809603494
"80",0.682285451887287,0.412280524336688,-0.80299495974357,0.826560884286133
"81",-0.261728123751022,-1.1415989116503,1.23895823674175,-0.308531102222126
"82",0.576285480847754,0.309694412217274,-0.150922209567156,1.02318682303002
"83",-1.78489898954733,1.31507665516241,-0.0265280443002878,0.355875153175451
"84",-1.8899620852864,0.604616737812241,-0.810018931841856,0.789640883927493
"85",-0.580263248510423,-0.451079209035556,-0.569475821281673,-0.763035627393953
"86",0.291500721603705,-1.79961579945891,0.219231580133365,-0.168436702603806
"87",-0.570608726783658,0.813657082222505,1.55263098779028,0.423898451054283
"88",-2.10597455553624,-0.973037367155415,-0.697464380226362,0.86958168768983
"89",-1.4714276132158,1.07558189631557,-0.575218146896492,-0.245491535762634
"90",-0.330356376966738,-1.02974768662023,-0.9222461760474,1.93730030198906
"91",0.310285099822745,-0.946881493579636,1.08815412945822,-0.480190063458223
"92",-1.0041877538166,-0.181755131809767,0.318805805810129,-1.63036730313186
"93",-0.371396478293965,1.11301680023022,0.233208466154856,0.25863363790706
"94",-0.916604762628584,2.28964660999817,0.39989155410799,0.594622544500183
"95",-1.68316753495894,1.21046403296624,0.906074435342785,0.767954685931793
"96",-0.934674086156195,-0.158476091136169,0.642778007804429,1.67225342738209
"97",0.719597267536498,-1.36483058745129,-2.11079920075387,0.843921512133747
"98",-0.108279838005805,0.995409406785812,0.55436768221382,1.18692146416629
"99",-2.6215707547422,-0.378028465712125,-0.312833728664807,1.68474117989303
"100",0.624270689136886,0.374715494664754,-0.576536748450472,-0.50437378127111
"101",0.0276947657501295,-0.43119925782009,1.87770734184489,1.0647246718636
"102",-1.58887653552572,0.0801059240296312,0.876898844637539,1.28861772224208
"103",-0.393546608582866,-2.05691471518267,0.0696769201124619,-0.306235110939951
"104",0.582718009667852,-2.70903077471276,-0.183366232760398,0.819998226320853
"105",0.688385243098546,2.52991449477905,-1.20414834845283,0.251799989261794
"106",0.664347138290339,-0.33652664942678,-1.26313799133508,-1.24009553575938
"107",0.411639171514635,-0.396158498962851,0.823003025821371,-1.49714035042344
"108",1.97717595482866,-0.5920954368965,0.956955190517421,-0.356265255571127
"109",-0.957275805268565,-0.521539797396238,1.12639734824946,-1.07293897297866
"110",0.216291541811229,-0.0293369795242124,0.41432860263066,1.09242198941942
"111",-1.54115678713689,0.354374436038122,-1.78138922594011,0.0164262750605284
"112",-1.43814045880659,-0.46536378214517,-1.9162116057904,0.245529521160354
"113",-0.020653822215672,-0.47708730181164,0.03612952408773,-0.127369169930691
"114",-0.639412672395996,-1.48166780928336,-0.851737165434152,-0.0576231465128243
"115",0.142691939197203,-1.10707772387955,2.72402574630069,-0.395399660408478
"116",-2.32554141298784,0.750274827906592,0.0193980872283326,-0.297385387010318
"117",-1.12408737163845,0.748285987775066,-0.694971959514258,-1.43409549742232
"118",-0.248830145395983,1.84304773025696,0.912321969124131,0.216980286064025
"119",0.669501121997512,-0.501953898063262,-0.27106865885549,0.65551534842965
"120",-1.05753205903192,0.88300113444372,-0.374810270111624,0.869014975234114
"121",0.38546678661428,1.77608655619869,-0.782677261315582,0.789506206427295
"122",0.392413638407296,-0.711945427207667,0.431243212499765,-1.43528747575587
"123",-0.188241393063174,1.39924832351035,0.965674089912654,1.60859741508034
"124",0.397505467165489,0.150244687824366,0.586426171338741,2.23237956665878
"125",-0.886878802989018,-0.50731992510154,1.39500718704322,-0.437993005916599
"126",-0.646590829168249,1.73947746007282,-1.55247833756024,1.26410757003497
"127",-0.0922919999249093,-0.833235742607651,-0.0154697382804984,-0.414030235137006
"128",-0.0979076832869087,-0.592048824994603,0.186132388171157,1.61965283365511
"129",-1.21657676319431,-1.12611737643135,-0.201358111645912,-2.35273121357264
"130",0.800010108665729,-0.0206579042684594,-0.201547757994896,-2.06366688172063
"131",-1.42953403343043,-0.0795455801648386,-0.914388364028804,0.724450202877717
"132",0.718755225477621,-0.0152118742130179,0.932701445241081,0.910785682437399
"133",1.12812247226221,-0.24612090239765,0.507973216960734,-0.228290788807795
"134",-0.780725367060883,-0.774501525617651,1.10497483061947,0.384884225749151
"135",-0.183876279276099,0.630420180630299,0.860095280117362,0.578859705809604
"136",-0.426454452526123,1.02290174558301,-0.685431862828875,-0.726595931226601
"137",0.140508626107386,0.906780218604696,0.172863881260882,0.809434822194686
"138",-0.506794920169583,-0.484394883121784,-0.102878643645864,0.348084417219405
"139",-1.72703089858753,0.276314232493094,-0.135237524994921,-1.02446723644701
"140",-0.850807775453091,0.132009876281606,0.956654184783512,2.16262663318447
"141",-0.583946573442277,-1.0661317764222,-0.45807379811821,0.63040296342276
"142",0.228560088530146,-0.556393293389025,0.862471411800375,0.715682313773955
"143",0.80068344128732,-0.356070014498087,-0.487965449165453,-0.754116978987177
"144",-1.2190107241535,0.861520036401953,-0.938819829210007,0.346514116209413
"145",0.413691757028374,-1.7332832291373,-1.07201269199006,-1.98360815442333
"146",-2.06768898573686,0.0996352254891306,-0.585855786339969,-1.28288670412002
"147",-0.0590396630017873,-0.611736669216025,-0.731841187407637,-0.514099094202519
"148",-0.842273553745692,-1.63183154350141,-0.680502339270283,-0.480748619123014
"149",-0.913744177118988,0.882082140745134,-0.162867934711518,-0.289319313325463
"150",0.970116324434441,0.582390665849239,-3.50343674579384,-0.991935095593969
"151",0.0654014007622692,-0.948249048322417,-1.32548166667456,0.383194654873513
"152",-2.27765829023281,-1.56549804454773,0.751813545343735,1.55136523138995
"153",0.602082467126183,-1.99340930382366,-1.72896433931587,1.06303491127407
"154",-1.42220917047191,0.976967499046719,-1.37494385762941,1.30929864778033
"155",0.610211065585878,1.79501852208623,-0.565791064705516,-0.75761873179668
"156",-0.590954501057963,-0.933536909919384,-1.16567410850633,-1.98514966226398
"157",-0.999429545113068,1.58422042304015,-0.163640306749397,0.54227914544853
"158",-1.70971667248633,-0.0806271043560926,1.40686724107793,0.531981945557795
"159",0.950906514431252,-0.50483359095091,-1.05386777363752,0.617383371398891
"160",0.278572812504987,-1.1533931085314,0.343042033708964,2.24572821334331
"161",0.920489192738272,0.446660798946784,0.614339718962389,0.716046443385991
"162",-0.256822357054966,-0.346131288541163,-0.550916427445523,0.784854775809537
"163",-1.73389284961216,-0.384795587847282,-0.12021382798795,0.98200402989418
"164",0.6183023521937,0.987578281297144,0.669173078753091,1.06661931757122
"165",0.467748389091415,-0.584283786130139,-0.0223114171952781,1.59805499754837
"166",1.52377411571438,0.563741852852675,0.167931436518516,0.0229346166243408
"167",0.447599328379539,0.136773201348956,-1.21027832473553,0.257503700428
"168",0.941894948600187,0.0646599541282095,0.560276147219568,0.297246557046963
"169",-1.66453839058763,0.0628585762569618,0.479875393892793,-0.331380376945651
"170",-0.0378829002165599,1.93584690329199,0.430031578272527,-0.416361787290384
"171",0.434770168722138,-0.130216898246716,-1.05728031035076,-0.466167266941315
"172",2.30573153302969,-0.540246182088737,-0.169700399356727,0.210161536522264
"173",1.06772488592532,0.181225686244924,1.47641596245971,-0.456532765131628
"174",2.84059645649777,-1.39771063524574,-0.825393204816834,-0.483985651125647
"175",1.45640431087759,0.82858011067868,-1.88503044359139,0.906485856499355
"176",0.875063979094835,-0.699948489743027,0.803369800793069,-0.389298441868085
"177",-0.186183749060803,0.0691448880229091,-0.514549997194971,2.07311403881226
"178",0.339348701631542,0.0422351279145144,0.595787914013315,-0.128839594912556
"179",-1.10151457272258,1.14067425054544,1.74822458290564,0.117301615854955
"180",2.31339270415989,2.2792920288381,-0.147355558350501,-0.573091699383222
"181",-0.899425016826501,0.627318579254258,-0.102235161665709,0.406918973141705
"182",-0.122155644816619,0.326395013750612,0.423812625419149,-0.371793536830481
"183",0.0441202912738614,-0.0872547465277485,1.09256714202448,0.0679068622733537
"184",-0.45379697822295,-0.71011932612438,0.106272327288833,2.65306864320838
"185",0.811254189643451,0.366314700170861,0.425253291923429,1.34066316107599
"186",0.247292143293272,-0.785895245054541,0.522702569310089,0.277583982897327
"187",0.620056954779136,1.59970400727652,-1.52032493768394,-0.830332012079306
"188",0.553447153258376,-0.984708755630136,0.0283802483082938,-0.335596025472382
"189",-1.33390523883444,-1.23105235285066,1.28247248190389,-0.312405539858123
"190",0.762072033659639,0.310915324425767,0.448859201931289,-1.77961919511635
"191",0.697480400087411,1.05201940352388,0.256400644514873,-1.23638068059315
"192",-0.712152769630624,0.759624224253017,-0.437323848156688,-0.263770519233162
"193",1.30904006881519,-1.61120892583078,1.85421244640134,-0.954476361607014
"194",1.42898677104976,1.46580517285195,0.186053497374738,2.61700226304315
"195",1.74825769890951,-1.009564621809,-2.69961457240405,1.3160316370832
"196",0.270873593315191,0.375774180342091,0.584196444855043,0.395166231152887
"197",0.406997341438859,1.02433903639573,-0.262839036685526,-0.383225692898956
"198",-0.519284550316047,0.771226471913832,2.88721095821389,0.587415265431725
"199",-0.169302002297482,0.452203916470761,-0.720675179928793,0.807003075556333
"200",0.325362308328044,-1.53382427178537,-1.37949318803976,-0.714172001441695
"201",-0.362633458280668,-0.899542960922614,-0.0526084305889843,0.29521468761132
"202",-1.21645716644911,-0.799483356185075,-0.525639298324678,-0.291333271373323
"203",0.23870677146132,0.159046278555715,1.28514346793163,-0.500719674731617
"204",-0.625235216498181,0.668924224722926,-0.883660726073473,-0.580650996048469
"205",0.590594867926534,0.74988885926694,-1.18252111712655,-2.57132203882991
"206",1.01922929259383,-0.448849511921132,-0.986796772818989,0.789633054773655
"207",-0.747388311461527,0.011109774555924,1.20870697055469,-0.169042238490489
"208",0.450900403512451,-2.02072001746867,1.18623923593898,0.794066424211123
"209",1.61782700045451,-0.686371286318139,0.100719062849844,-0.792975892999373
"210",-0.373106263901149,0.0715645696757274,-0.30119726655849,0.184660498006561
"211",-1.16301976654865,-0.247642836366712,0.917880174073357,-0.221442051608002
"212",0.237411511228954,1.01066417934022,-0.0439067780105869,0.88747023709738
"213",-0.569088927944613,-1.30195841606943,-2.83454203116461,-0.299003038625041
"214",-1.67566864601898,-0.434507572963902,-1.50490906322499,-0.58471102113053
"215",1.76372154008267,-0.279298452048412,0.614851827381215,-0.325017241925818
"216",-0.340925020687942,-1.68927413077411,-1.56107462272197,0.316563100440358
"217",3.6474495084522,-1.24458397890952,0.997235636769992,-0.204589175459263
"218",-0.678676583390852,0.251039564927449,0.164750479792404,0.062100315253172
"219",0.861171430954204,0.643313241464849,0.348824812293027,-0.685041502211902
"220",-0.868153296542972,-0.350730008645597,-0.757045781739776,-0.134370161392224
"221",1.41401802395017,-0.167031095562533,1.00867050031798,0.798084732564784
"222",-1.62335059359377,-0.4819918325097,-0.515649860612834,0.552296955892534
"223",-0.158334554932007,0.00310700394135366,-0.949794146499999,-0.650523292282108
"224",0.976337046944849,-0.606093978938129,-1.36856112720128,0.115722497844406
"225",-0.530932678230411,0.434722093306977,0.568324032587285,-0.77838962501559
"226",0.351866041007318,-1.10509311276558,-1.69092888527872,-0.967520369917497
"227",2.63349578714279,1.36664459901984,0.292213845441252,-0.882994790559476
"228",0.933445149433612,1.15095159366141,-0.270195711529181,0.591705151377397
"229",0.0266914877269665,0.0559528984338366,-0.656138089294767,-0.545954378868768
"230",-0.34034350712743,-0.609836682816581,-1.24996007562042,-1.32265933615603
"231",2.02854418368001,-1.01807099330259,1.73136793562459,-0.508915946203948
"232",0.40640573594437,1.57833823872324,0.659698793719849,-1.5428666117152
"233",-0.830172137565883,-1.45599636822582,0.145297976524614,-0.488175720564496
"234",1.13408583063975,-0.593678383991122,1.71550452439528,-0.401156450766964
"235",0.905556576347164,-0.596763667105028,-0.120289274606518,-2.1050230166502
"236",-1.67562585649876,0.886115822788157,-0.824166526111876,-0.188782527908884
"237",1.64534201468444,-0.852282226758408,0.153028568433758,1.07629951379406
"238",0.583245551446493,-1.18844988319859,0.335278700690347,2.01979935995762
"239",0.767923708348999,-1.07012428647664,-1.1885852419636,0.726069903840021
"240",-0.310987743016897,-0.0406413520854116,-0.319071975274169,-0.345743741303713
"241",0.898784817092172,0.0247772924168424,-0.670267036822309,1.19482126897409
"242",1.74241184403114,-1.08939059365999,0.485541704016931,0.949281072144107
"243",-0.808051648131259,-0.727846802919128,0.726798063760979,-1.75415003602761
"244",-0.436883151801307,-0.751117639917973,0.535625749060549,-0.0681273723540051
"245",0.700638698245831,0.0630463100995146,-0.790686815016607,-0.23912080537565
"246",0.0321027900869562,0.514462384805851,-0.690646553183568,0.583788872004842
"247",-0.634666800561454,-1.83847084767534,-0.551702039691085,0.593746564045645
"248",-0.291079682352698,1.36677171200529,-2.37610104074483,1.02661504174994
"249",0.351329543183378,2.4016121242227,0.195730990576018,1.71989799529051
"250",0.650658173647217,0.333915414479939,-0.911188630463566,-0.931577226671518
"251",0.796913314411117,1.24096522367377,-1.41047101025153,0.092880527334204
"252",0.115103222361448,0.615768729797981,0.190370632314699,-0.827110582454958
"253",-0.783549325760824,0.69115381480376,1.27989483894281,0.349294871357848
"254",0.675637542384744,0.610953434685951,-0.228938046235085,1.41371151193847
"255",0.27611295309987,-1.22179793166476,0.449987992191536,-2.0249217098979
"256",-1.56055554038651,-0.41755530174506,0.683294457459927,0.377971109394185
"257",-0.88795547324185,0.912500832836143,-1.06415880770215,0.157866579160394
"258",0.99906517978754,0.541613519444358,-0.794911114887567,0.513865273773639
"259",1.83349948306887,-0.4375901321557,0.462379880075218,-1.80444350385712
"260",0.740378004260346,0.780384604238809,0.426550255206291,1.40691203582235
"261",1.28607099832633,-2.47757063111331,-1.28509234567566,-0.844134643700182
"262",0.68958368246768,-1.97266560679271,-0.0440729762183904,-0.888400295806784
"263",0.439356968930671,1.23658087533386,0.0116498976723271,-0.703440941266429
"264",2.20049672551449,0.352259324825899,1.18639849455048,1.41171375379205
"265",-1.08040990362807,-0.788363370298853,0.102326113516708,-3.15948753569163
"266",1.08359306122916,0.649565993323078,1.03162925872049,-2.28843506981622
"267",0.0313424032030504,-1.02018352193803,0.355815899070945,1.22888740628033
"268",1.55885453416962,0.493493184388184,0.915819659296111,0.00136677693020088
"269",0.653372813076101,1.34666662225985,-1.22804726364032,0.50441411097018
"270",-1.60246601487109,0.263076697024595,0.16317299713425,-1.21880377659106
"271",1.68897476046256,-0.428907634884185,-0.198862396673585,-0.789631586261817
"272",-1.85850820927963,-1.56552632292678,-0.0582884448302447,-1.18882812440389
"273",-0.410886806229421,0.541561844879326,-0.44661536576807,-0.411512371686851
"274",0.0156195828152624,-1.77420744778498,-1.18977766344199,0.639673750766557
"275",0.520273112220984,-2.63181542339995,0.756110443190913,-1.04242319825342
"276",-1.26511577034706,0.902220132918907,-0.262060697066971,-1.70020959484866
"277",0.108497492270252,-0.164362514009086,-0.210600686057665,0.583298054009057
"278",-0.0326520649633913,-0.296381863051108,-1.16245414680657,-0.441048001803359
"279",1.20432258986769,-1.14006424811755,1.11604408653995,2.58379155079164
"280",-0.735753660563462,0.387857575426724,0.712594277945545,-0.573692944775373
"281",-0.305550653247883,0.972112766645921,0.223676755150679,0.26347698112724
"282",1.51456561905458,-0.696896702459004,-1.0282962536856,0.743882538653952
"283",0.614009126925307,-1.65605494036355,0.84956452376084,0.579132014384413
"284",-0.686040017046966,0.359173138890393,0.219521996302286,-1.26311075127087
"285",-0.204589161272595,1.52991788665494,0.227826970276279,0.15787332894979
"286",0.789726522718574,0.804025508128535,1.00801178330823,-0.21321731779197
"287",-0.405310238684617,-0.68448997721601,-0.459083639226003,-0.127497414218468
"288",0.391697020145269,-0.00876260225261732,-0.478262048373524,-0.682215157956246
"289",0.334099916233613,0.524202947334734,1.83037877671492,-1.09384349947677
"290",-0.89370047633945,1.22828424614755,-1.96554976234211,1.92283255162993
"291",0.754858814807734,-1.63383629882406,-0.627299535150758,0.872701031220803
"292",0.137841653331782,0.663588283607949,0.3797726048431,-0.722124199626789
"293",0.484727766643907,0.163942076430593,-1.01788759949096,-0.208472927066408
"294",1.3606047996866,0.152592151848837,-0.703129497793208,1.07283070872552
"295",0.742927693575775,-0.979066568940682,-0.294906471285186,-0.360537709141509
"296",-0.79153148729497,-0.797535645649662,-0.790115585571134,1.08310324079844
"297",-0.361031452932533,-1.26099200776119,1.15773307671389,0.222139869236677
"298",-0.998601403388335,0.497921448887347,0.243682222329841,0.701184412243037
"299",2.09906755826491,2.22401140460519,1.0475438483836,0.957315407509518
"300",-0.314036798891751,-0.0733605025523082,1.82704113844913,1.64565638049075
"301",-0.689949101966119,1.06762028604433,-0.740523212622004,-0.769935237751248
"302",0.759863592743836,0.0330800699524077,1.95611048526586,-0.252727646186434
"303",0.181990523090732,0.957841601817818,-0.438404874562826,0.975831384590711
"304",0.093039781865656,-1.13886702400731,-0.886246364220673,0.485181243810289
"305",-0.372087015495831,-0.459301010693565,-0.493703970617457,-1.01098702962398
"306",-0.736811027015062,-0.854285707460346,1.12876372785047,1.5052602350427
"307",0.717607056360179,-0.77976361681176,-1.28690376424909,0.445039437665869
"308",-0.0592080206258145,0.56910928582983,1.90618841534691,1.77865735900747
"309",0.650154679252599,-0.26459993510067,-0.85705528241886,0.0592133704093099
"310",-0.0567743716435273,0.00879756315506051,2.11409764402948,1.19017696861929
"311",2.23544206118685,-1.33036916904511,0.606875349448174,-0.00493449388484345
"312",0.0776314199075234,-0.575277780708118,2.37997281822216,0.645600051883146
"313",0.882660914776051,-1.13565014886269,0.810006523461768,-0.0233368703759567
"314",-1.11106086230319,-0.289389628032528,-0.657718877396455,1.22836217699182
"315",0.141471367237692,-0.374084445700072,1.02685914782945,-0.493665115106482
"316",-0.971900270022088,1.19626334126241,-0.708330879048535,1.32070147108953
"317",0.958863397622991,1.49174872873591,0.416368713074383,-1.18585496814197
"318",-0.544633565375639,-0.223192751933889,1.84737922501688,0.906594139537175
"319",0.212723435743278,0.304726353948605,-0.743222582572694,-0.522628525677711
"320",2.13613597436246,1.7098489742497,-0.246571405098165,-2.1061112986746
"321",0.58614654428674,0.672659951470129,-1.17151695799244,-1.40270990176749
"322",-0.751129769639177,-0.0124239567534556,-0.250443319147123,1.27680999069573
"323",1.27016125125955,-1.19779440667057,0.283834401052496,0.25905401230003
"324",1.0181883359377,-0.074272964106866,2.27873736338899,-1.77511524257861
"325",-0.512609456775772,0.514029716934762,-0.906580062025345,1.52146192193745
"326",0.238753924380189,0.309853751215861,0.339054811165222,0.329414320489393
"327",-1.23145358752982,-0.81939813580931,-0.00394005588061547,-0.61923066478765
"328",-0.460944882894411,-0.273618579861673,2.66854287468168,-0.0184016970816469
"329",0.740662749546883,0.894953189924966,1.06747011568567,-0.368897030842565
"330",0.678146718938521,-0.444637952220941,1.23030322044733,0.581491322034094
"331",1.08139333894045,1.22492192061422,-0.477126247870682,1.83143036059737
"332",0.25900255814414,-0.369554787062895,-0.790662271058054,0.1466353989531
"333",0.669015084149417,0.804853110962418,0.342018733409161,0.737007056479507
"334",-1.73161044713748,-0.165777209092287,0.608022400572244,0.117078545452766
"335",0.84244115588867,0.454420407687783,0.217611095039711,-0.824213504434585
"336",2.38848849374385,-0.66155525709694,1.04247830613904,0.294891467412403
"337",0.158114622211813,1.18765981805325,0.803681243836824,-0.264743050999218
"338",-0.886300849012135,1.6306327982987,-1.73593492314537,-0.268884044903673
"339",-0.00153479534500499,-1.2664938994551,-1.95579971065896,-0.598172516627111
"340",0.0995532811433018,0.535704314116828,0.506697556734808,-1.02331739423789
"341",0.610364991992818,1.5555676819561,0.540559775209785,0.154908425257305
"342",-0.351173589315425,1.2356240838125,-0.693989945757649,0.582669642686342
"343",-0.27576788164307,0.340853128684806,0.273996834687666,0.178070549529833
"344",-0.843043751463291,-0.61701773038245,-1.24592454612309,-0.464542540547951
"345",0.726305724240855,-0.644638553719744,0.0398144940539696,-0.597147699997727
"346",-0.856288272619892,0.53744692243091,0.74306016294809,0.533842512312992
"347",-2.27103228122732,-1.62319868457781,0.848990505616498,0.12434940796621
"348",0.721460461359949,0.117989538832299,-0.700251111117877,-0.204237342823151
"349",0.697012936326248,-0.144949226070431,0.874693345476779,1.44922929532933
"350",-1.80673986493493,-0.377329458429911,-1.83290219915724,1.51785796531504
"351",-1.67990327922174,-0.736114584734673,-2.02543864034173,0.33673717574257
"352",1.88157888996346,-1.61488020596593,1.21423918531958,0.632253502797328
"353",0.0467688328569818,-0.259927572120368,0.144089006330936,0.859045093811597
"354",0.201315457344849,0.047006944677395,-1.72389284761129,0.871374622922041
"355",-1.86382792150523,-1.04535146884939,-0.517885286271567,-0.0282285292303965
"356",-0.244690792060761,-1.87490084407899,1.74145098054307,0.72264555507247
"357",-1.56786528660266,-0.818548219490165,-0.623817705903717,-0.155965117154566
"358",-0.886162688089109,-1.69657459768918,-1.16876206515982,-1.2403355179012
"359",0.525519689812056,1.43879700310186,-1.53021764395336,1.10611368701471
"360",0.927084059565333,-0.275080570790941,1.33722107754015,0.525194027548468
"361",-0.181402001134761,0.126304966547588,-0.473851468688456,-1.16507351226632
"362",1.06374175643948,-0.793518455136816,1.27940098690786,0.303719483064748
"363",-0.237890219470409,-1.38684258636611,-0.382744382876881,-0.45677908570958
"364",-0.51590729936003,-0.235577871897868,1.68138788933443,-0.604357530010429
"365",-0.219323225999357,1.05942932560621,-0.785098195933169,0.420547625043972
"366",0.418773460050143,1.37258105709771,1.02866407252929,-0.779794735827314
"367",0.326713545515077,-0.496799671874008,0.0703786968290896,-0.661449110123543
"368",-0.0747057845306058,0.371262497805745,0.702628865766167,-0.358183973196127
"369",-2.70813373020472,-0.155314626492075,-0.125842286404938,0.437761828333643
"370",0.949680936281879,2.29709131759238,0.449582338193627,0.299517828329127
"371",1.12904758540184,-0.27381609166712,0.598306605460486,0.61487700728966
"372",-0.293698779054564,0.565101601635408,0.383325267553816,-0.0848604611053848
"373",-0.56361728749561,0.489850616490838,-0.29065321795568,1.41585254244602
"374",-1.12154361033267,0.190171393739355,0.972427238249793,-1.41570050556175
"375",-0.914444886947634,-0.489134704442896,-0.982350590838574,-0.109042472597887
"376",1.54690685104971,1.51118509620698,0.812695138211519,1.17984867513069
"377",-0.683817133889977,-1.79338035292091,0.211587314948962,0.0225366971209695
"378",-0.157109842933568,-0.215596825750575,-0.194732529762555,0.17046127394213
"379",-1.54486128896875,-0.170141097992725,-0.194274937795163,0.293660420680595
"380",-0.09165863382652,-0.761207237604571,-0.412353469018893,-1.71036462483555
"381",-0.460733623910405,0.84379536570161,-1.01567942853234,0.187566541464139
"382",-0.792804350281812,0.530030322375287,0.423610862326516,-0.458059117745622
"383",0.135870891777309,0.133561061061576,0.925150954229712,0.0344669058222022
"384",-1.10060397846878,0.953953953371884,-0.337240665998561,0.643311465349223
"385",-0.284978962015064,-1.39864948102909,-0.171720508233983,-1.56328032672972
"386",-1.48985674098666,1.07038833669354,0.891489938149804,-0.431781047600155
"387",-0.554555757270678,0.633546843380622,0.574749556409209,-0.602117729959447
"388",1.22628903494099,-0.00679824951360806,1.54890832901249,-2.11651817101648
"389",-0.475220972315936,-2.43700799654578,1.34764804032618,1.58408604955212
"390",1.67296101103243,-1.02290780407183,0.95295469142104,1.13822663463397
"391",0.114229236171748,-0.793869371978724,1.11958442964938,-0.19077705535629
"392",-1.27239835714399,-1.24144880543455,0.0890600105675591,-0.886876281921388
"393",-1.95761837639782,-0.15744187464853,-0.614129904617107,-0.255487698968736
"394",-1.2896844142707,-1.04702669905229,0.116483997028021,0.31094427842736
"395",0.242259174866186,-0.760498698039669,0.605424295881852,-1.80826243888502
"396",-0.0560829605962292,-0.947074484139994,0.128005779470782,-0.00317831798575298
"397",-0.148249117664761,-0.272063306616148,2.26331081071748,-0.376071551481769
"398",1.03366943998695,-2.38150633770122,-1.956492087349,-0.741767569809649
"399",-1.14028844389186,-0.443049603732701,1.61344258547206,0.243090593854739
"400",0.747811226932345,1.16511616283664,-0.48033403837296,-0.254534104500138
"401",0.678139277218551,0.435488385172327,-0.646189998246008,0.156664628249208
"402",0.00218631566466033,-1.02343769008647,0.757272091933806,0.253583048307175
"403",0.235045008728255,-0.948727665723631,0.847716248207131,-0.00599184325887652
"404",-1.05037024819681,0.765673454105129,2.09341381905775,0.674256542042596
"405",-0.50430284646524,-0.276852238588724,-1.45333260577549,-0.219485792870845
"406",-1.11137955340124,1.13205791456592,1.34853500803189,-1.55996517237178
"407",1.30410559547297,-0.915260228283969,0.32559933363499,1.63944936318126
"408",-1.48784264878398,1.15263466709582,0.643541569862945,0.827819897278792
"409",-0.840749658217726,0.671886238379053,0.596711684625944,-0.750698445330117
"410",-1.00062972430318,0.679540798623329,-0.464278644599815,2.28521019298238
"411",-1.01588906190485,-1.09797455682829,-1.64598626636478,1.25629657746627
"412",0.645942818424359,-0.0690016957850631,-0.451983475157191,-0.429494065201599
"413",-0.589864103902279,0.284830426329538,1.58596701969215,-0.296940042938562
"414",-0.595473610310129,0.51489894204746,-1.42541256170621,-0.960940751116594
"415",-0.0597113254795796,0.598829322580184,0.123258308887307,-0.141227904120725
"416",-0.316757535700659,-1.2782359816363,1.07720754108152,-0.667712873243647
"417",0.317606601980472,-0.0372864089957319,-2.54147932489127,-0.278472640247513
"418",0.392149974009153,-0.846026876876729,-0.435793973807941,-0.510241860359966
"419",-0.568073367223411,-0.929906747218933,-0.179483193536603,0.991470487815837
"420",0.275632787529626,-1.68658568316176,0.379793469659555,1.01840779979548
"421",-0.561904272533344,0.117549030068551,-0.69392519485637,-0.185356276533166
"422",1.78493962623425,1.36919991115987,-0.716865089273216,-1.14356255927671
"423",0.546664164133011,0.26972149329722,-1.59933334460287,1.55399558326358
"424",-0.295430523604838,-0.00981335780972454,1.13649721374371,-1.2027767949963
"425",0.0703595944031371,-0.542531287633259,1.59433576258679,0.53080925939548
"426",-0.0998798333063083,1.22952178248,0.146335298893097,-0.741450696639503
"427",1.14351031949203,-0.741137582013225,1.52150125673066,-0.650119331375806
"428",-0.466061340072941,1.21984506505555,0.385272250437348,-0.278214904307085
"429",-0.727926181096893,1.04850357352988,-0.62930755933316,-1.79782710457965
"430",-0.197137702072731,-0.881477055645211,1.2780154340063,0.690539853690868
"431",-1.1002325846832,0.619002710917465,-0.212618179300746,-1.89856758610832
"432",-1.24042899945801,-0.460558031187612,0.0919345341812325,-0.238020365657814
"433",0.636726395693318,0.526654831380526,-1.18447046413826,0.791184869143437
"434",-0.809725806743653,-0.201858705927057,-0.0178465091043362,-1.56479382354074
"435",0.73476197690203,1.22360839643217,-1.05035121361255,0.858038376097845
"436",1.35619644044093,0.817715749373977,-0.497580606793858,2.69191429766966
"437",0.666813866372967,0.150773761754685,-1.00665861703636,-1.7560714351664
"438",-0.481391219302458,-0.0742583782447425,0.254064511433325,-0.0679801342948172
"439",-2.13113577311468,0.421866955718305,-0.209153807546879,1.43102041541829
"440",1.08574261919704,-0.105164635350051,-1.75597000149555,0.347186498110409
"441",-0.94092258490845,0.438631276715561,-0.493315202361615,-1.72950791591493
"442",0.135721917212867,0.508164785324611,0.528309750545021,-0.258276770108324
"443",0.22960827110489,0.625832054924929,0.578981312409147,1.98372086869628
"444",-2.35955151018115,0.519202577331798,-1.55897757227457,0.536144575284217
"445",0.704505456292456,0.926794498878674,-1.31977680606831,-1.40141208291815
"446",1.48227352257598,-0.404409027460779,-1.0313705018546,-0.214699021203348
"447",-1.28490833083276,0.292455460362062,-1.62411750539561,-0.247232577194442
"448",-0.187005688369188,-0.765415437203917,-1.28633911061568,-0.760568318108378
"449",0.960494727402215,0.152292130317693,1.42238753659282,-0.257175861088385
"450",0.35431344327683,0.0634487510711254,-0.592069653143936,1.04205824609177
"451",0.135481011124334,-0.825537539844873,-0.26430076586807,1.74288864123613
"452",-1.45628834516769,-0.582412175200023,0.248637683827212,0.00563525759728207
"453",-0.975371496066583,1.16188680035105,0.376928076775383,0.447805524935447
"454",0.773532540493851,-0.0996696828020262,-0.61079650312257,-0.32153995581297
"455",1.06222672152877,-1.35304905341326,1.90706255919159,0.569190912544456
"456",-0.671553446310012,1.36518923479263,0.58883026582622,-0.35445210973615
"457",-0.551890608762267,-0.152522552757865,0.454628074940696,1.67526770553715
"458",-1.38739926943723,0.867495278179612,-0.524322822244534,0.255396738372054
"459",-0.0260545945707327,-0.0209254383025609,1.06511204057546,1.6239916198691
"460",0.789646862869751,0.102058035679921,0.183022592886531,-0.215578171736677
"461",0.714435828940524,-0.253237130586759,-1.37767783956059,0.723210221597118
"462",-0.826638893094226,1.04542570156554,0.728236126833809,0.110691640045726
"463",0.625903941224149,-0.33254421961243,-0.830127392800355,-1.40132220369971
"464",0.0281302886734981,1.85463120533852,0.304752543745568,-0.0740118369208105
"465",0.466910775644796,-0.146829611789534,-0.470142345900859,-0.702702975416974
"466",0.316175474174658,-0.503654372807867,-0.184220844284406,2.51324613358131
"467",-0.886800279696472,-0.608047736024121,-0.00589571614674937,-1.12317841931543
"468",-2.58181299142205,-0.552814201208038,-2.92779794384644,-1.6883511013917
"469",-0.381555795805206,0.514585169600466,-0.70641257516416,0.926999433179832
"470",2.23597660970208,0.769687065000661,-0.519486422453855,-0.256014611837171
"471",-0.56558194050054,-0.089464074662509,-0.612291140980292,-0.438369558947763
"472",-1.89251113194695,0.11091512267434,0.676048447545755,-1.27951304711107
"473",-0.380595756664232,-0.890634744240352,0.953093077240021,1.27972414377752
"474",-0.0941954923156251,0.572917250952401,-1.56011545953565,0.691237793133471
"475",1.01728766141965,0.49154552161015,-0.0600588189132907,-0.69573781138423
"476",0.999592473336732,-0.277292796620046,0.866861191350246,-0.348614189947448
"477",1.25668957103425,-1.2976106919202,0.999235889579888,-0.898821668801812
"478",0.943837406769262,-0.349207218766586,-0.20707599338366,0.0434585024439032
"479",0.52899900845451,-1.49834340338248,-0.960704178212741,0.129902742357249
"480",-1.1451701878239,-0.286105741749106,0.213553927668675,0.450625982772545
"481",2.99459902445725,0.0849938465959192,0.596256732504596,0.573505276920812
"482",0.244154161517907,-0.127933640742804,0.0238363728081834,0.156686898578072
"483",-2.86089440336736,-0.493065538403719,-1.15599649183181,-1.64327539374683
"484",0.669044754703897,-0.832396602541598,-1.27402251841033,-0.16559470470123
"485",0.327211580532063,0.665161099483123,1.10552016668171,-1.06325712778677
"486",0.549802321856359,0.853615466054715,-0.336234425092663,0.631011240720813
"487",-0.0973573851581922,1.99266467284731,0.682048835452255,0.0181281372040163
"488",-0.62477179227195,-1.91921949233108,0.388899144381852,1.43505614056715
"489",1.31416265309347,-0.978041304569127,1.1501862768232,-1.03777647019736
"490",-1.12993885391815,-0.432949406785588,2.47962877672359,-1.25616668346934
"491",-0.00876775105802992,0.379824040390417,-0.150809193979188,-0.31053564819419
"492",-1.22908555950018,1.39531481748671,2.24764557593159,-0.318970099327746
"493",0.0651642964058534,-0.825205462930726,-0.5386973549208,0.441698278945336
"494",-0.552245441577806,-0.042898760076482,1.20090148721044,0.996311148637524
"495",0.830728252961923,-1.18583450038833,2.13665961072145,-0.484671841132923
"496",0.0168973111270014,-0.0303614331907554,1.07923824087773,-0.529713603585771
"497",-1.7687890033816,0.713136833320519,2.20416194611039,0.782079705666842
"498",-0.0095800943358592,-0.201415047630718,-1.38431702935398,-2.75118889694011
"499",-0.88697096059704,2.03392516075036,-0.595986846174618,1.07427078389948
"500",-1.0197882799767,-1.02935322538514,-2.5234374127153,1.04869207838891
"501",0.572569029135544,-0.88190818106808,0.129700597354525,-0.58477618722651
"502",-0.819842097920001,1.07601961790091,-1.46747593355458,-0.387955402885839
"503",0.435392548386059,0.0233786730162578,-0.10255139735286,-0.421353442254466
"504",-1.1630409543915,0.031283610723332,-0.211708738310979,-0.0625837314417047
"505",0.589121411678536,0.286435135180409,-0.228146383001687,-0.241942624165976
"506",-0.0220488832812485,0.264390799873908,1.11043210070173,-2.0449003427801
"507",0.424184779313648,0.199894414255784,0.117780729328712,-0.413269486404881
"508",-0.184124986051248,0.0389825236148236,0.0824238429536142,-0.0448333829423362
"509",0.135070713931135,-0.406908093395097,0.696283175625268,0.780380335308252
"510",0.421014498506319,0.672061202241514,-2.29212450497161,0.670501157421306
"511",0.279116347559776,-1.40389062487184,1.36172700128456,-1.80723482782594
"512",0.268910259798165,2.01119245090479,0.0702593328142476,2.1731961191653
"513",0.819895089442692,-0.153177760167959,-1.22721927905267,-0.447649001091192
"514",0.565522325917269,1.21804934037671,0.42385722558331,-0.659920718039787
"515",0.791731836310273,-1.12041408915909,-0.0747201395507343,0.793039380168496
"516",1.23648562114468,-0.379637157334827,0.0100018016478209,-0.257113833452574
"517",-0.469242782489826,-1.30809149715264,0.281656813939303,-0.175050387081116
"518",-0.701805495287959,-0.786623208500821,1.53024386541152,0.000301239723585478
"519",-0.6240778928782,-0.299882551173997,0.704061398691934,2.25595947637743
"520",-0.915937652000207,0.328289615036842,0.411590738421024,-0.13426182136559
"521",-0.318333827674386,2.83776466827422,-0.619019568707588,0.349121263610531
"522",-0.843523270500472,-1.53652059651016,0.0384751543899108,-0.653072716005847
"523",-0.335323775173627,1.03725276159436,0.462863650236166,0.644786374141847
"524",0.730948964445821,-1.44962142269699,1.36771842608446,-0.440681109836564
"525",-1.45457222467465,1.38772448311939,-0.808924597856467,-1.05342302046185
"526",0.656740965441059,-0.306847982698243,-2.14746822766579,-0.15257204102504
"527",0.108192153689476,-0.458530878044263,1.78459152822855,1.14363508177156
"528",-0.583548983921966,-0.364450094366435,-0.77769335631868,-0.645963432146767
"529",1.28513708401774,0.662595633463719,0.63835394493576,0.195244940369927
"530",-0.163795057499836,-0.209618942619807,-0.233954043290636,1.60200115038488
"531",-2.33755592509904,0.00240424471768647,0.738455533669628,-2.03103528086402
"532",0.275017884481615,0.448175911176354,-1.16076359023366,-1.38751480299707
"533",-0.697567552886897,0.801563856692712,-1.13171712638689,0.668826251052589
"534",0.521352092952758,0.208373922684745,-0.726296858541777,0.229091129915891
"535",-0.557705701049465,0.576046344043971,-0.420413645740214,-0.635903891331062
"536",-0.88599527311628,1.4268365603545,-0.67442541512768,-0.936279408912774
"537",0.837074762758124,-0.618484069895024,1.13426400295615,-1.70527355907608
"538",0.0127923078274731,-1.1661870650246,-0.220130470260094,-1.17503326872839
"539",1.56994208086287,-1.06753779931647,0.120359032965091,1.22290141479274
"540",0.616770111628542,-1.75121814569251,0.209403914447639,-0.0312978357795752
"541",1.12416282179253,0.620130016524003,-0.0742171418705898,-0.00179024997281805
"542",0.565605685514286,-1.18964750304137,1.91568584919558,-0.0462366512316582
"543",0.775445636069155,0.128202985419984,-1.75062361845587,-1.94098192194369
"544",-1.2823016508925,-0.0415544541328263,-0.487762597553868,1.52228652995568
"545",-2.49911728420595,1.26329881165592,-0.253096518822923,-0.0941305036216443
"546",-1.53141364434174,0.634953428397096,-1.57098435557632,0.758151141224194
"547",0.972812418321136,0.352523149811408,0.629651891021258,0.748249592237624
"548",0.807288456925222,0.864288699206378,0.626601293232343,-0.376118991544708
"549",0.904097608901157,-0.754194180824767,-0.773128288693956,1.16190858073443
"550",-0.125314441171694,0.194168612058182,-2.23257666990273,-0.131695024879529
"551",0.167379497745199,-1.24794405554875,1.03320485423372,1.02218468375993
"552",2.06470178593734,0.709875437700028,0.168745431247063,0.623035702407717
"553",1.51983163743788,0.145809019833665,-1.48824734224533,2.35181437427806
"554",-2.57029948034418,0.168934767365215,-0.00660977150722195,-2.19185772028574
"555",-0.553055875703078,-1.08104138988794,0.751391385471077,-0.18050037745818
"556",-0.959725273414553,-1.00498446299332,0.169207512129404,0.141164293329206
"557",-1.44574054434657,-0.317754245000412,0.278913904186781,-0.550449427971101
"558",-0.791387650376711,0.414326874046241,1.07538342520318,0.618710156155408
"559",-1.49299659327783,-0.230030202483924,-2.8657980289312,-1.87216384264898
"560",1.53674591661447,-0.243625878318941,-0.358902954011745,-0.366670693612047
"561",0.015982995040848,1.53864465835795,-0.99085683841462,-0.971891905170124
"562",1.02818100404231,-0.932783327503554,0.355965918767053,-1.14360399536771
"563",0.763642512817697,1.02157752334603,-0.297797753529278,-0.328347160419815
"564",1.68997139122928,1.68712611550176,0.485236653432014,0.395405437683223
"565",0.83620859712473,1.13122055493573,0.673227888549207,-2.3325483403065
"566",1.11430087735555,-1.58664485588712,0.850797274148169,0.750003820401583
"567",-1.44016585166498,0.567029300902396,-0.0414366428984227,0.0427374408109946
"568",-0.898840030779357,0.653898057441119,-0.412431906598705,-0.56437245626811
"569",0.832499271653814,1.43241912638809,0.33347772300388,0.296338736203974
"570",-1.31962045233403,0.924224956238119,0.191563822397284,-0.255072124586432
"571",0.714821893367015,-0.457234957533587,-1.45970745129505,-1.21880104464953
"572",1.38852127242991,-0.819166029390042,0.34537387373227,-0.0506947810499993
"573",0.775779980853111,-0.276586683410624,0.31926824115807,0.732296152090776
"574",0.802166368750509,1.14434591282355,1.47544618398057,-0.915246079777978
"575",-0.393695051328339,0.573904562223353,1.42430847135574,1.35152418676399
"576",-1.1342445358256,-0.649787229659109,1.4809349913186,-0.264891610203634
"577",2.50805246881069,-0.30192504144956,1.05320636525594,-0.381745786261246
"578",-0.291984809974493,-1.44416668635013,-1.52505146147817,0.15740806863221
"579",0.186162722548604,-0.705508142024867,-0.276841295294076,-2.71228768697513
"580",-0.0660701379833936,0.623841891763439,1.80866018302788,-0.98186282252868
"581",-0.0406493777798994,1.18364402524164,0.519335838009827,-1.58372738636377
"582",1.01744652880752,0.751329794672938,0.375499053870814,1.47247974413852
"583",-0.105617925133993,-0.308205310595577,-0.929946043687164,-1.33769526061888
"584",-0.033792979248791,0.438887792693581,-1.89445757863108,1.37221773131646
"585",0.179000184561488,-2.73968265286257,0.141585034008643,-0.314551620073211
"586",1.52155853418903,-0.177223325043373,-1.20959974439491,-1.2202412618072
"587",0.854242127342257,0.75089925057171,2.38872594772933,1.30802537653328
"588",-0.228526666709232,0.296922000730075,0.127296263820046,0.319763067655133
"589",0.596106167323852,0.17022226707037,0.86319272910053,0.116849180666563
"590",-0.777179316625797,0.0856597799244349,0.492533664883458,0.541406601453025
"591",0.122775128332107,2.59998333507053,-1.30503399054758,1.32598437039232
"592",-0.516529231662999,-0.313419726478586,-1.11873160038954,-0.145738188389696
"593",-0.351411671404364,-0.947447494080119,-1.51672282163722,-0.758802196192523
"594",-0.510624645845131,-0.151991492223923,-0.117004931460815,0.538903311084637
"595",-0.256393558368954,-0.507916684286095,0.00211491498715418,0.0469204622141446
"596",-1.01781936362474,0.227609163166601,-1.21561012488134,0.417421389223786
"597",0.314577080370562,-2.08546462552275,1.3436963830106,-2.62313386170586
"598",1.49086103326072,2.14893083512253,-0.274488183415171,-1.44336370236534
"599",-0.234151114102049,2.03187670361199,1.50683181618097,0.241623655035928
"600",0.280965992745842,-1.42744354024276,1.31681072851477,2.37662884288213
"601",1.45865639743068,-0.13445553298858,0.213270639138963,0.398516313398033
"602",-0.699661952355789,-1.85980945974479,0.061131093984455,-1.64255264259232
"603",-1.57758605153945,1.45701167350919,-1.96221067516179,0.219740860379959
"604",-0.294868660429219,0.0861613573331761,-0.523536401640343,0.588454747852937
"605",-0.97088958182063,-0.987560129909991,-0.615785212626637,-0.25385803083963
"606",0.759450968081205,-1.8574900925313,1.90022052153155,-0.485431028774141
"607",-0.258076846202909,0.0149694326373363,0.220021469857474,0.833304370954362
"608",-0.278735415508831,0.0120256991905243,0.94322222055554,-1.18495701476226
"609",-0.122312802674277,0.0369568931423246,1.0334740744187,0.87475765737109
"610",-0.382808250952721,-0.0608090090757849,0.0789495672716296,0.0944354451562644
"611",-1.29854871193514,-1.8469459892449,-1.35426693741137,-1.98815761000504
"612",-2.760785870771,-0.452969770331881,0.26475585444372,-0.776129773555039
"613",0.306488420283082,0.425031839679448,0.245584674807854,-0.196499105847367
"614",-0.430345307135589,-0.630873413396499,0.930067605247521,-0.75045022361671
"615",0.484897946114956,-1.56643500690616,1.12538366051954,-0.449946799615272
"616",0.604717097135073,-0.56520087811223,0.597113706670487,0.414513440721291
"617",0.959898050419969,-0.0872136825455199,-2.46609886953234,-1.14709507153599
"618",-1.42772990616502,-0.0636535248226288,1.16770789328256,0.0631562194732279
"619",-0.557016296722012,-0.489806820795603,0.048973558379559,0.349067226914133
"620",1.91220444577835,-0.699236469531961,-0.343745131732149,-1.10518103852657
"621",0.840094646438921,-1.35604848410547,0.549180865721987,-0.102701119648705
"622",-0.93481336583443,-0.106942057199294,1.25250455240082,-0.789271668548908
"623",-0.885598185082847,1.61095169140739,-0.888829671126287,0.0692468632223935
"624",-0.741289032284441,0.289913649994199,1.49124187959641,-1.41921972565826
"625",-0.378348242865605,0.388682358735771,1.83956086476883,-0.22409241943596
"626",-0.0640180697952965,0.571599652374334,-1.67471912427184,0.199873133522883
"627",1.112260009561,0.770821781762547,0.381565160428584,1.93646774284808
"628",-0.948478867745151,-0.101197255628823,-1.24622518722032,-0.15963780854264
"629",1.3997013536989,-1.19307700676016,-0.400746608346314,1.15050015103293
"630",-1.29658515962675,0.718567765224881,-1.50109526902101,-1.04422256832494
"631",1.24145135822438,0.652903877423835,-0.198875801573787,-0.919655548042478
"632",-0.771102723610128,-0.375693492316276,-0.345240986990128,0.901081125124629
"633",-1.21498152655766,1.87953206288107,-1.02908757714111,-0.904975094760816
"634",0.0205693353011046,-0.56191990131272,0.585956781907659,-1.35627176734452
"635",-1.87022377734276,0.47133592554744,0.00677528269734484,-0.208172006607922
"636",0.19349444316403,-1.28249854865366,0.29903954535266,1.45581099815924
"637",-1.74166675630959,0.457228102957276,-0.251032937713795,-0.671932956708879
"638",0.465135972201714,-0.278728177589174,0.499565838746451,1.68609312325829
"639",0.920999367947508,0.292538437560106,-0.712534691341653,0.0415787367163447
"640",-0.820247777641275,-0.826362947405038,-0.340128098527775,0.154721779388991
"641",2.07355732414077,-1.01186470065035,1.78162522774926,-0.491254687460605
"642",-0.617606583378593,-1.3192391908748,1.1302030846871,1.11202940722433
"643",1.56499119507473,-0.446355739022944,-0.812515515127615,-0.664677209365238
"644",0.23245475654203,-0.520410915823108,1.01043159718739,0.516741741862402
"645",0.564730717999042,-2.98182602390666,1.10485100801951,0.00200748086279229
"646",0.48924846907706,-0.614266599845511,-0.317500669470381,-1.27535365657139
"647",1.13837249878425,-0.808160672342044,1.36591404190282,-1.02688601757636
"648",0.856673828717373,-0.0928362749472351,-1.84941961999458,-0.755297540278346
"649",-0.537117151059388,-0.646602890717789,0.611056762368333,0.521658424470353
"650",-0.206279554714256,-2.3316081054846,-0.346090121596461,-0.350688880934838
"651",-1.70414541043589,1.28144757225435,0.774280535294117,-1.13559334537175
"652",-0.442698237520298,0.451099920470638,-0.290741674334988,-0.0613974866466752
"653",1.31973031358035,-0.797224872267822,1.8880243441382,-1.27762468053414
"654",0.786752972595319,0.273833121006832,1.19824914772684,0.398581305846271
"655",0.796981113872585,-0.115232640070442,2.18359949594251,-0.0426286055128352
"656",-0.241880706307132,1.13620258103405,0.399062193966505,-1.05495476962469
"657",-1.18674381984508,1.70694338441162,0.736931687068216,0.371485717554229
"658",0.463200590599221,1.0359852307972,-0.00439886269881081,0.0353779073757996
"659",1.20956029144932,0.316032273878616,0.399054364777477,1.58938707630361
"660",0.0607427349402657,-0.370303121370366,1.75683483357319,-1.60747476624819
"661",-1.05912529649449,-0.169235806280951,-0.181300551248059,-0.491510786664217
"662",0.258232322914764,-0.810760338799581,0.575835544349695,0.717056719213617
"663",0.256474021521946,0.740549175906297,0.227287092179911,-1.0998073340268
"664",-1.60031139276551,1.56294812149122,0.357830534832904,0.182290782978976
"665",-1.19508343171776,-0.0134933826519331,0.928690899464016,-0.399115518520493
"666",0.272570710934444,0.0421515993576545,0.646226154321282,0.761949425264334
"667",1.01934111150844,0.815352427348357,-1.87862847435933,-1.04752257509804
"668",-1.09810665026902,-0.56278295192582,-0.265700821405668,-0.21344505425961
"669",-1.09503176913813,-1.6904263448915,-0.00433348496412879,0.0599204406957404
"670",0.497288452960814,1.2327032547537,0.542543192997523,0.80871819744455
"671",0.775195201864905,-0.488043976828848,-0.329191904373751,1.02584184313329
"672",1.27155572012933,-0.225583098256848,-1.15490834797958,0.21537481986746
"673",0.870846424701528,-0.93731544182555,-0.799497185708429,0.41053207230788
"674",-0.343598816152495,0.120257607353277,0.00595662144590555,-0.144235954374879
"675",-0.638024704429982,0.298410033519554,-1.00012487648799,1.01894099103489
"676",-1.08036173659617,0.234814450569077,1.53144925374514,1.17309895399594
"677",-1.75713031322306,0.221787566804099,0.591307710184618,1.62922732311052
"678",1.878086144436,-0.455820770414972,-0.715487514741277,1.19581278852191
"679",0.837880256705842,1.0423131348352,-1.64668350912037,0.341662232025224
"680",0.171137758153495,-0.428555558183151,-0.752170614444063,0.853247543394369
"681",-0.0192400202492403,0.740815753401125,0.119471390961908,0.425524213255168
"682",1.54953402781727,-0.527726158024905,-0.269806591695089,-0.680101889613564
"683",-0.110076195048476,1.05395705390045,0.942211595034465,-0.937146358964502
"684",1.45625334882686,-0.456805524257187,-0.581740339901867,-1.87976623699423
"685",-0.968667398526963,0.382611910841463,-0.406963599155561,0.470712867447703
"686",-0.0695566343292472,-0.023047188396715,0.332189174384793,0.40995119710092
"687",1.65440211647421,1.62142551578109,1.60983971345847,0.0814858379075917
"688",-0.43811913846131,-1.54869282001704,0.21167002417563,0.242729574963495
"689",-0.858743037821216,-0.223442699796706,0.254631510970955,-1.29773488022376
"690",-2.02249967131789,-1.17524476369084,1.1628974837408,1.42902284973025
"691",1.03234476810303,-0.470604583244213,-0.718079405029052,0.469092102192477
"692",0.945054466911315,-0.433015609119307,0.708068629316071,-1.53076062953206
"693",-1.1743849685374,1.15696728398239,0.128511979959498,1.23042142955017
"694",0.924465726672395,0.0547624935816892,0.123445979052092,-1.37753670316966
"695",1.97963459827737,1.80392805323018,0.406863736636677,0.718183523786204
"696",0.153138629737484,-0.296141368122511,-0.012527004182487,0.0699115788743582
"697",-0.7944116689239,-0.532253411865857,-1.52726921740656,-0.28730576024324
"698",-0.712192840585394,-0.804531477100393,1.46856868368813,-0.392531774739427
"699",-1.8080022446335,-0.501129659403517,0.443086433852484,-0.298577971910591
"700",1.23654545030669,0.551611687615716,-0.193646804202726,1.06494016930214
"701",0.659458234242893,1.81220324347544,0.273066549480332,0.369477133507861
"702",0.615675766554789,0.860477295402087,-0.505315728375248,0.790930862039665
"703",0.209312915666762,-1.32519341856605,0.547137290582347,0.428311171747028
"704",-0.524676664967663,0.685870545925808,0.642546561036019,0.617701786734599
"705",-0.536997750006111,-0.516445544856894,0.351207006234279,0.335869701834796
"706",-1.01062512881727,-1.1540341772444,0.813863860543546,0.141555690521906
"707",-0.257160014417537,-0.0921031241861192,-1.11199376796151,0.311388809950223
"708",0.498332465409531,-0.186766827828549,-0.364673737907565,0.673469614978151
"709",-0.720511245987342,-1.04530793761232,-1.01103998053554,-1.21459149232233
"710",0.671416895499162,-0.856081921688788,0.797019233946901,-0.741385295808148
"711",-0.142866640272323,0.188799370950318,0.220825894150358,0.743187308329571
"712",0.20066400345397,-1.52582049476031,-0.0955444116546816,0.672767700463998
"713",1.4292811753112,0.227387154123889,0.511129003374202,1.92832167408501
"714",0.617231567811791,-0.377905689331735,0.942118271607334,-0.678578142990275
"715",1.05116161925887,0.751175820607521,-0.765142246347145,-0.372802480505109
"716",0.404988090184563,0.0889935851004946,-1.051505697303,1.31104899827386
"717",-0.78456203280177,0.944757968634536,-0.801527243570112,-0.643635116983216
"718",0.320240189800657,-0.114452509806379,1.23329256999067,2.51275941826576
"719",-0.0159919244876923,-2.55077245962595,-0.394139737986002,0.146530151740859
"720",0.789656228281336,0.0857728266169974,-2.07667130131755,-0.204528417581162
"721",-0.955641336386565,0.837387151857259,-0.0591540635583321,-0.147785422951116
"722",1.28013995855647,0.987729172772582,1.09077739998473,-0.417652517196263
"723",0.0723986149443327,2.45602251390836,0.0493787078820244,0.463595893359871
"724",0.658729222135276,-1.21923604080939,-0.149945954732097,1.28297850322227
"725",-0.179395530864676,-0.291443171257206,0.433709195352799,0.141683210768159
"726",0.38036233378643,-0.938872427953874,-0.389594081388268,-0.548911163811056
"727",-0.738138502228103,1.02299100517832,-0.713830668710647,-0.280966923730347
"728",0.635882585851962,-0.640787640325357,0.0918529155419591,0.0952322713171611
"729",0.224329278616058,0.209505854400289,-0.284483151410136,1.16968864163886
"730",-1.11882936679722,-1.54009243710524,0.0854610626020613,1.23434663995485
"731",-0.378285543609691,-0.717859506382808,-1.1247299514499,0.156992526110545
"732",0.325056639580273,-0.236021485159512,0.119340458758214,1.62673531420469
"733",-0.337304913431613,-0.531988195269491,2.63951345661413,-0.0351751428420396
"734",0.774586852043076,-1.24982699793826,-0.882560645303474,-0.761093728345
"735",-0.528926008146911,-1.1524447664816,-1.62136323476266,0.388956799398334
"736",1.42369010392523,-0.591676336794519,0.467541414682307,-1.49441568754331
"737",-0.257716242051965,-0.191640116081479,1.21172743701519,1.11467860231105
"738",-0.848644419275937,-1.44913837820055,0.465788660003041,0.727174855810482
"739",1.17846685329306,-0.421704050143776,-1.17977157105586,1.36657047917625
"740",0.483358809789966,-1.43684324602786,0.143607464196088,0.691917003877807
"741",0.216071461233077,1.49717403147732,1.53763358101114,-0.769584625576977
"742",-0.477233615864266,-0.139346898675108,0.624357570051342,-0.182926862959629
"743",-0.257148426325723,0.1678795396587,0.907722396231978,-0.586160072543651
"744",-1.14615643932546,-0.591650700149202,-0.265642292659226,1.45843347432227
"745",-1.08305140783408,0.309295292699718,0.651430745933183,-0.355382204904333
"746",0.647794724008974,-0.177783212292988,-0.467914995755003,-0.614119623572211
"747",-0.784049330085056,0.922803493532917,-0.181425684147826,-0.215034582201527
"748",0.195764936953622,0.0847965071243132,-0.4162355181366,0.617652439528967
"749",-0.782000761170717,0.157319991557552,-0.806008931704572,0.738704600594111
"750",0.0918972397989028,-0.704722462811022,-2.80121540510356,0.226759937563355
"751",-0.711081556487671,-0.0263683151173229,-0.708054042794155,-0.523046222182982
"752",0.652828728274133,0.578978590691917,1.22773083347084,0.257317903177311
"753",-0.653379378468543,-1.26107954765492,-0.840766777134515,-0.371815623016843
"754",0.491347492000488,-0.727186834604744,0.217661438391435,0.912007800449558
"755",0.756434072504328,1.13218185432938,0.149872082631975,1.01023451922439
"756",-0.310525816855735,0.0356333792848476,-0.582941034078979,-0.794162909916249
"757",0.448476954341242,-0.524572971084448,0.107583104445859,-1.66075520986622
"758",0.381532679664797,-0.369486756447149,1.28026848396138,1.1959921448438
"759",0.844399840835328,1.14841162652164,-0.80841742490753,1.4497213964561
"760",0.200570714889348,1.21346881574647,-0.441579403552069,0.880397340401317
"761",-0.0152349952367493,0.280931171691469,-0.7082818203675,0.171552243376502
"762",0.401028303276044,-0.689218932107884,-0.838239317808484,0.662475144207126
"763",0.44316145952234,-1.13814392530573,0.917006044914058,1.58727308086331
"764",0.309121257456766,-2.02528044395585,0.0875764698565623,0.279966460452974
"765",0.780651792427581,-0.639694601399907,-0.0530369112859327,-0.404340687231296
"766",-0.667253707475852,-1.2006669644171,-0.931496045944333,-1.26956393362407
"767",-0.643874227181353,0.693419149244631,-1.85102442282984,1.00276135116003
"768",1.08035359486554,0.789317324687421,0.373653079399698,-2.31547928941631
"769",0.236820177419712,0.151998486320823,-1.47155723794115,0.430373289538028
"770",-0.544535009421779,1.94570963330644,-0.536130804808726,0.551624678857392
"771",-0.724445123359346,-0.370304051950902,-0.425791306928568,0.444796948317677
"772",-1.00017218800856,0.214145682148283,1.14362441112217,-0.664345789453581
"773",-0.558603909169587,0.671619523128413,0.0196048913699756,-0.978271113399472
"774",-2.48267126530876,-0.587994044103596,-0.441430582303653,-0.902030894775285
"775",-0.551582024711169,-0.847008078279309,1.21661931162436,-0.40028825813126
"776",-0.320893494390212,0.264938317771884,0.171441262406928,-0.083640060698009
"777",0.0583300311804563,0.0834544867176902,-0.762092204073706,0.816508563821532
"778",-0.532956103636257,-1.28744720766093,1.32211773775187,2.12332669708066
"779",0.0610835305784609,1.44784496696457,1.70360731172962,-0.197151692001823
"780",0.278869360262698,0.668667252203353,0.382647696353638,0.869802114002232
"781",-1.97659683609844,0.430686383256076,0.790491559806367,-0.103091348481652
"782",-0.303256662862246,-2.31142521214394,0.364598610712748,1.4343152690295
"783",0.383659073172684,0.933245447721161,0.232356279602234,1.43906667863977
"784",-1.86407330091459,-1.36886007003321,-0.132891875459079,1.73411938087223
"785",1.98765446248004,-0.824455788360092,1.68073705793596,0.460559452847727
"786",-0.143714007952058,-1.63463586659225,-0.677388293340561,1.38216162545546
"787",0.330482911047967,-1.10029447539619,0.662363869934985,-0.27628591770871
"788",-1.24971154854085,-0.843636838004904,0.574854995576425,-0.863395312108109
"789",-0.293589130330325,0.934235825594193,-1.0587516745434,-0.774072075801873
"790",0.916239533613997,1.87561851206237,-0.0467733266675876,-1.53123354496899
"791",0.256162646863571,0.0954000165235789,-1.76910065654694,-0.263085273475677
"792",0.995320453426667,-0.889106393855909,-0.195876035330095,1.68621248560725
"793",0.81843213319029,-0.127244909709655,1.18559321550034,0.08250533243926
"794",0.209148354026836,-0.636224292770751,0.161100253035615,-0.576142962608815
"795",0.513139313221556,0.0418530210452958,-0.479639715926868,1.13891050481849
"796",-0.0498643484475328,-0.415701626643614,0.0814399037529787,0.4195052922831
"797",0.827675481561023,-0.949494178529135,0.612616764616102,-0.0476392789083864
"798",-1.90523099467201,-1.08136009413922,0.523001474976014,-0.145405382897676
"799",-0.16925153384853,0.171034047381167,-0.98536666064767,-0.111419682716659
"800",-0.108964452065596,-0.623760932832773,-2.15205662121557,1.64412110191609
"801",-2.39096318479193,-1.55311171949441,-0.227991931021378,-0.834299071976712
"802",0.544915426576478,1.63830400568575,0.15535097335602,-1.8645233980068
"803",-0.385501705010986,0.00229250525658035,0.98260193419561,-0.400016022289685
"804",-2.59698931014274,-0.0968912089261212,-0.926969450202841,-0.619088465531052
"805",0.373785741292914,-0.115428411503935,0.533213232003387,-1.08167624182616
"806",0.166517245493265,-0.99585580800944,0.79661386530159,0.211534306973743
"807",0.848513586023876,1.55861789543359,-0.180452349404273,0.818811446731278
"808",-1.36518713253402,-0.698214482328672,2.24344939561716,0.376725526371601
"809",0.852877353066296,0.590314881035558,-1.27016694980806,0.758541075651966
"810",8.36905000130494e-05,-2.39876219871757,0.12208481648006,-0.485004857692412
"811",1.40293059351833,-0.385250575960504,0.616053102177091,-1.24641564995254
"812",-0.155620435311092,-1.88865825861052,0.0986986307366186,0.465507666271892
"813",-0.968347431518617,0.453994952373483,-1.56542989992169,-0.533643635199698
"814",-2.3948432756248,2.35194263532439,0.08170696846842,-0.509522843511434
"815",-0.474303305120806,1.08265192692483,-1.65181206584117,-0.0103682654398062
"816",0.527450631206603,0.137278559897011,-1.38843690578342,0.573584480806508
"817",0.847747115036775,0.623551240191429,-0.576007363087073,-1.66780177451737
"818",-1.45500883508316,-0.797569949847641,-0.643311328228072,0.253772027240961
"819",1.00753541474571,2.90177887149629,-1.05320310486373,-0.627706072683268
"820",-0.171580007255347,0.302620411270127,-0.0477302231349236,-0.515641795848938
"821",0.122782353355852,1.36813322403525,-0.467586528806602,2.51121798643658
"822",0.918641619005271,0.258122404546851,-1.57703130375023,0.0343737114127306
"823",-0.913831091299236,0.386815685462497,0.526815849234752,0.710970802422065
"824",-0.309451358163574,-1.3206208946926,-0.717585578861468,0.426617062418994
"825",-0.221003295418152,-1.01821458010133,-1.64980591381591,1.01819956584944
"826",-0.136314619086326,-0.215069047020132,-0.447876311230762,0.833384504217661
"827",0.985945338493249,0.604067747533291,0.0857203575214664,0.224336725235988
"828",0.196483649191299,-1.08592593763793,0.119369542530005,0.0591389327856287
"829",0.9207891967681,-0.420093199736026,-0.560709145162623,1.01779536399753
"830",-0.386415509677509,-1.71650404642139,-0.547814268072132,0.997309745398494
"831",-2.16553476270969,-0.802208969016226,-1.15102365467672,0.614564254013586
"832",-1.17140118746915,0.674774858820009,0.0477430067252777,-0.364424140125093
"833",1.31434594927988,-0.408369935154106,0.186183575573376,0.966834138163102
"834",-1.23100632646769,-0.340320736016677,0.443275555931382,0.359483651361891
"835",1.66760161860396,0.0116472674074073,-1.67905625376167,0.542001577505279
"836",-0.0443862008811554,-1.8121497328024,-0.580662049161165,-0.600765858754037
"837",-1.95300461551057,0.0462674502414845,-0.808262219041671,2.18326925676488
"838",3.38352966883003,2.68417605928742,-0.38780820486181,0.999006309113061
"839",0.284309952515821,0.583267761823385,0.637356744473762,-1.34257504996825
"840",-1.88484922799524,0.378234922933829,2.00156966560939,-0.72689270414256
"841",-2.12619213692024,-0.860401805487366,-0.903776972764517,0.155801559793544
"842",0.329688277386018,-0.335453951984639,-0.411467170929085,-1.49252760389788
"843",-0.0970932451524305,-0.453981161234059,0.339524369339342,-0.326385072713173
"844",0.0298874151687437,0.441787840354646,1.10287031866241,0.0455031440185275
"845",1.7685032542832,-0.0896080363551597,0.833538173292231,0.648421793943348
"846",0.742300808925178,-0.723887974272315,2.12404330414569,-2.53117032078427
"847",0.549130435766403,-1.44230030561545,0.47616428781772,-0.247463791676133
"848",-0.930149432871761,1.44587528582459,0.26685297162204,-1.63136633578936
"849",1.17211517933602,0.77537492775933,-0.499716369928388,-0.403796502071551
"850",-1.99573122746095,-1.32683119261468,-0.56725984044381,0.167681780194726
"851",-0.1591210461237,0.44034609044932,-1.20839498831758,0.870083265987942
"852",0.632513061934002,-0.969509866726949,0.817205069963347,-0.921427404574875
"853",-0.305345738879789,-0.312633777513953,0.932946841017326,-1.27565477609453
"854",0.0533565895227638,-1.10402615816644,0.858776655097654,-0.385243382516671
"855",0.631873297603462,-0.728539845963042,0.227869792369235,-1.23434649673806
"856",-0.851717902996705,-0.247763291761047,-0.774458967596023,2.48478832136283
"857",0.404223260389136,0.557904749269362,-0.649829888591035,-1.39337162798493
"858",1.69270074346174,-1.86837177693124,-2.18076076267232,-0.186694032096477
"859",-1.84695797516348,-0.561848778064667,-0.521412542132656,0.804338773527164
"860",-0.236833948407826,-0.154369181873371,1.51500885649387,-0.456006208627734
"861",0.244341337614758,-0.619485325041997,-0.690785552657682,-0.477003250505854
"862",-1.11804301281935,-0.701131072515956,2.15425017977775,-0.297376473625468
"863",-0.41885551795683,1.44005219069543,-1.00603098551974,0.621841219065414
"864",-0.0490691126797102,0.184955963376576,1.84558994363837,-0.0195947017603723
"865",-0.890634023290137,-0.84645457482691,0.330487145668496,0.861745696272373
"866",-0.0559119743968437,-0.0244616048245194,-0.618203394825816,-2.32496582512582
"867",-0.1970218458241,-0.317815104520556,1.06602942521032,-0.540045149358336
"868",-0.291668699984617,0.561960715996182,1.38336739676908,-2.10580963988841
"869",0.0325169678035112,-0.145923436132728,0.404875956838326,0.161276763320544
"870",0.7308520069927,0.38812927003854,0.138449955500732,0.830662298905717
"871",0.245329896731402,0.139786497396727,-0.00603091808377105,0.670712954318643
"872",0.486229489614344,-0.0515815958555219,-0.681885792394291,0.97865667303739
"873",0.539951479005981,0.89079080728136,-1.1991678886042,0.503056907481478
"874",-1.23774298702042,0.366157446459314,-2.41299189078672,0.283161710851138
"875",-2.0912599783119,-1.15644573783924,1.01941959604239,-0.50250910209849
"876",0.742350829678288,-0.784606312505718,-0.738258025067264,-0.311626938302243
"877",0.271159003303961,-1.88523829567162,0.0391120977321824,1.19981169065809
"878",1.82082947069595,0.180235868252035,0.463656589791115,2.26417151923054
"879",-0.362554611483142,-1.30335645927314,0.830633146196895,-0.527427528153091
"880",0.975474354220219,-2.49418105304176,0.788305628144682,0.871062915291064
"881",-0.352254222351694,0.888669793630067,0.697736970583165,0.764849523675145
"882",-0.58773554701889,1.70328367586413,-0.153300215343803,-1.19356099228055
"883",-2.05180540392228,0.657466868914238,-0.257131092771188,-1.71160820568998
"884",0.694186702737641,0.545375365471849,-0.299691637630668,-2.12783292432524
"885",1.93866060124394,-0.690520197354483,-0.81992138589359,-0.0183668075560697
"886",0.852017347146736,0.175447606592535,1.31476611126116,-1.64670792850214
"887",-1.44386135830555,0.760121022696231,0.675732568414997,-0.662574948303172
"888",-0.555722334334501,1.60110133005925,-1.09463603811287,-1.18864798850438
"889",-0.500505850977469,-0.27335901243804,0.113441717124933,1.32680892839836
"890",0.265522301430547,-1.0293645770234,1.19809315194132,-0.858395950087432
"891",0.174695937432464,-0.327125678377654,-0.107806458280262,-1.10323369229442
"892",0.657862141119733,-1.41184223424342,-1.16714177087482,0.972271693492345
"893",0.3425471452545,-1.81256933172071,1.22391984194929,0.0100288085438742
"894",-0.691040177566188,0.191647656103748,0.40448296589294,-0.141866307714124
"895",0.376559396150513,-0.767430219202908,-1.2938767046352,-0.93568354776427
"896",-0.277256633148672,0.421674508443211,-0.775892059829145,0.377886044562362
"897",-0.364195159353235,1.6883460374195,1.52074745839997,-1.99424558487708
"898",0.198094386562031,1.6693599703638,0.495710846265145,-0.839814101056972
"899",0.234667315068426,-1.7104547121136,0.0688452092566455,-1.70540953660456
"900",-0.928714733369781,0.105907003733755,-0.282936498160727,0.684472053853978
"901",0.302450164899072,0.642446601767138,-0.478383025827159,1.46286941250002
"902",-0.200657892536936,-0.429736439833023,-0.434206818698957,2.12781384423239
"903",0.441939774769871,0.947868517924222,-0.997577704783458,1.65166239979763
"904",0.528722283599635,1.07810327490299,0.022798072264421,-0.642340176181839
"905",-0.0639294865336153,-1.38888980067715,-0.0121604831457388,0.588270099664371
"906",-0.770235778099627,-0.627570467732179,0.829215722311675,-0.990224396740037
"907",1.51883842934957,-0.132661338294072,1.37820602856182,-0.202826413532844
"908",0.185153064091488,-0.159637521656314,0.60752181276842,-0.885938670585337
"909",0.252695948505156,0.573328837649563,-0.994304297015302,-0.302903169722023
"910",0.658715057219971,0.616885044988845,-0.767786807104013,-1.81229179429836
"911",-1.03795920568396,-0.578928604704745,0.593348154686781,-0.206260588483879
"912",-0.813959050821945,-1.05804740718264,-0.0754611945636462,-1.11816547972068
"913",-0.503016643795275,2.04189061416941,-1.27390220708663,0.438833229987477
"914",0.307231216258783,0.536046111333216,-0.247805352350686,-0.778035702293371
"915",1.0551223004921,-0.782937268652696,-0.327774200438681,0.480342972782297
"916",1.33816163258703,-0.609522204251965,-0.0785821587788341,-0.457129190079753
"917",1.05664233888028,-2.58323907214973,-0.16921390438367,1.12300580791551
"918",0.320522131742702,-2.2529669501064,0.0297397798372166,1.33127941647747
"919",1.26684866452857,-0.546735061918028,-1.24617224022668,-0.153767175602288
"920",-0.482310178691067,-0.22965393100223,0.348278489850963,-1.03225865916294
"921",1.56903283249871,-0.941820160119251,1.71310101787719,1.24570172312061
"922",-0.57090430734791,1.98133832973816,1.35204081194254,1.02978320936873
"923",-0.702226518992702,-0.264560214076858,-0.899781531407444,-0.534355704439086
"924",-0.788315027183433,0.204663420717425,1.30780619244879,0.931558572461901
"925",-0.693441474601399,-1.73917045763704,-0.741697445167165,-1.37175940745976
"926",-0.404967815750296,-1.5111156148,0.567865275261072,1.05876590967002
"927",-1.07836705861956,-2.81441917336,-1.27790016047439,-1.72903761574872
"928",-0.658264836306916,-0.153268390957371,-1.61832731269714,1.6217276784559
"929",-1.1208644424461,-0.0421543778276756,0.81025259641504,-0.0925329509215216
"930",0.487698049313351,-2.40922249644078,-1.60002990802535,1.07408429133741
"931",0.744380306707934,-1.61691131553894,0.526177761252666,-0.638811970300358
"932",0.279750635583939,-0.619524614120606,2.07547820875836,0.679551096062426
"933",-1.03004487682741,-1.39908301866281,-0.750685174237572,0.0737032677463312
"934",2.0977763588009,-0.644210405800634,0.894872710430931,-0.10980773399359
"935",0.419733934536527,1.16624711957853,0.627729236679275,-0.840829506505989
"936",0.858056745396925,-0.649761289219587,-0.385341488602987,-1.17435829231829
"937",-1.07583671751754,-0.528612802663369,-0.948518606482349,0.733233863390276
"938",-0.803509125310203,-0.713675912792426,0.918135067615296,0.472713580272513
"939",1.38110279440012,0.478184779097106,0.180852032370552,2.22359825872791
"940",-0.402848842522434,-2.25582850345108,0.127776776109895,-1.47962912620057
"941",-0.414243209320849,-1.31258490627532,-0.0893023420946842,0.538997747574986
"942",-1.08177455114372,0.41073117011944,1.41159652806247,1.30267339796533
"943",0.0991987287191742,-0.864005607799586,0.0365748197792965,-1.86490805100724
"944",-0.474307116366655,-1.2172532073898,-0.565736852608278,-1.65326423750771
"945",-0.491240928858212,0.22727529298168,-0.522910028563235,-0.0767945165748138
"946",1.81414369304379,-0.758657306576002,1.33090880158662,-0.610160352151882
"947",-1.52081281095361,-2.02683520962882,-0.360299792611284,2.05495904996044
"948",-1.19064034615067,1.54600909307607,0.0814690876209912,-1.29628361933898
"949",0.936410571783968,-0.46958187218466,-0.143153849306513,-0.0239540579282487
"950",-0.501832452296859,1.72671656969913,-0.942408581833256,-0.531078040693253
"951",0.177442406987276,1.13578461721419,2.73189971025808,0.443565651477932
"952",-0.063587534072937,-0.197197824916968,-0.507314702568641,1.04810206892927
"953",0.504434296655368,1.03306860453685,0.510370803226335,-0.51682941735092
"954",0.925011025020257,1.48728483973528,-0.411250075597837,-0.208312788154715
"955",-0.390671870637574,-1.01530018975022,-0.611978670847835,-1.63490007567921
"956",1.64898052129695,-2.06638402925537,-0.401485456892142,-0.826834303266754
"957",1.0432853117884,-1.63584128266479,1.94014488972242,1.24554571257399
"958",1.25060265161969,0.47727148904745,0.535857311556937,-0.362413095919149
"959",0.780896992650962,-0.618499475258652,-0.464327085224331,1.6461253966363
"960",0.831620226699002,-0.629009619059825,-0.0801591716481704,0.875723970912525
"961",0.270703681392755,-1.39037713066606,-0.400810375304507,-0.638966462909478
"962",-0.537893210827264,-0.33867970481703,-0.0536331654313449,0.667475787228264
"963",2.2027896614666,1.62199476363878,-0.530214790492661,0.0452665648268642
"964",-0.534875978314618,-0.497251463928677,-0.995902623104937,0.447429089390855
"965",1.93073947652933,-0.734831493489124,-0.268303557243595,-0.157597283752861
"966",-0.021119955753513,0.905329042055499,-1.49401446209792,-1.99144076552234
"967",0.202548835298183,1.67643183144053,1.22267308154799,-1.42362010664528
"968",1.04215105561227,-0.961512249393699,1.73230030184812,2.44384093533487
"969",0.316487695498706,-0.455509366950045,-1.16071514477942,-0.274640465718502
"970",0.639147010248454,-0.104474855332546,0.373345733296728,1.69743111272439
"971",-0.0227090187411048,0.376491641416797,0.85041158562438,0.386265478019081
"972",1.04679098275151,0.354404387479373,1.7081167484127,-1.54064894297224
"973",-0.0898820821873476,-0.544783387363712,1.68735194149437,-0.415786196376739
"974",-0.198434621364582,1.48114117776102,-1.55149294930841,-0.241240292790449
"975",-0.573390604834358,0.839281513162706,-0.287166236878142,0.0919106411074337
"976",-2.00053044929154,0.476757681790598,0.475892139856956,0.331469748355275
"977",1.68762308659376,-2.48994886762942,-2.61923822326574,1.51222562406669
"978",0.0145617326730825,0.436453282123923,1.57352861310419,-0.752121334921583
"979",1.45975090149083,0.442697145117855,-0.376625021987716,0.986032379760282
"980",-0.462023148820189,0.414105295556097,-0.500135310836456,1.65685343607814
"981",0.422105731874622,0.00120526575263798,-0.288535907329508,1.77232461461394
"982",0.0321959618769189,0.611125673330675,-0.447522542254757,-0.987162432040768
"983",-0.43124208160104,-0.49676883107641,0.675366398981924,0.0994483927785166
"984",-0.311933328824037,-0.409351170096551,-1.06663952264691,0.963491102122733
"985",-1.10631550054258,1.03997474818842,0.707760506541231,-0.499804731952541
"986",0.453478657454585,-1.64970883065346,0.329615467191634,0.362607039087015
"987",1.65913028182745,-1.16740062901164,1.7798043420695,1.28610279009883
"988",0.186885885058736,0.605300619767518,-1.99201030083704,0.40556911680568
"989",-0.00473725255752652,-0.905458608454917,-0.238932978335357,0.0177382659222578
"990",-0.0168174012324417,0.854935477592926,-0.35677886098983,1.59961040070938
"991",0.349425167441419,0.623975660026892,-1.47756455748202,1.90416204693505
"992",1.1305272087409,0.148335070897461,1.02104866843408,0.176652637468852
"993",0.0244705416168547,0.370912813439914,-0.909841507738354,0.279355904647539
"994",-1.4042817893812,-0.169214082726612,0.706927187473687,0.301060474420598
"995",0.256838482826731,-2.06823909643379,0.174177835928431,0.299612915953342
"996",-0.215539333497271,-0.0685909714361001,1.17795244793893,-0.634318332968058
"997",0.43531290230483,0.832303095326908,0.204549123083749,1.14355975634652
"998",-1.76199387782244,-2.55711724311733,-0.979568362475769,0.0048305147337157
"999",1.54867676975692,-1.68328763746121,0.530217550064082,0.651194477571845
"1000",-1.53479326405457,-1.30529828202088,-0.632906818405536,3.84390575338247
